ux_l,ux_r,uy_t,uy_b
 -0.0, 1.1021592337638837e-07, 1.1021592337648359e-07, -0.0
 -0.0, 5.173963495922586e-07, 7.914191987961332e-07, 1.3088140900957424e-06
 -0.0, 2.4337735165206346e-07, 5.480468721801565e-07, 7.914191987961332e-07
 -0.0, 1.333128420459551e-07, 4.1474679355733936e-07, 5.480468721801565e-07
 -0.0, 8.225912979257294e-08, 3.3249451922930163e-07, 4.1474679355733936e-07
 -0.0, 5.543277394248031e-08, 2.770529662020815e-07, 3.3249451922930163e-07
 -0.0, 3.9867395452216344e-08, 2.3717875062571012e-07, 2.770529662020815e-07
 -0.0, 3.011743911829739e-08, 2.070449922309717e-07, 2.3717875062571012e-07
 -0.0, 2.364430777506888e-08, 1.8338530078042323e-07, 2.070449922309717e-07
 -0.0, 1.9159755031451464e-08, 1.6421626509446416e-07, 1.8338530078042323e-07
 -0.0, 1.5945631650773723e-08, 1.482715679700318e-07, 1.6421626509446416e-07
 -0.0, 1.3582185624809737e-08, 1.3469447559533761e-07, 1.482715679700318e-07
 -0.0, 1.1813920701720313e-08, 1.2290147082507114e-07, 1.3469447559533761e-07
 -0.0, 1.0465258753804584e-08, 1.124528478464637e-07, 1.2290147082507114e-07
 -0.0, 9.435518699674493e-09, 1.0303737019788744e-07, 1.124528478464637e-07
 -0.0, 8.642500261520712e-09, 9.440705322600624e-08, 1.0303737019788744e-07
 -0.0, 8.032140950724016e-09, 8.638545299751664e-08, 9.440705322600624e-08
 -0.0, 7.567531087411287e-09, 7.883657464483534e-08, 8.638545299751664e-08
 -0.0, 7.211554944370076e-09, 7.163085887408177e-08, 7.883657464483534e-08
 -0.0, 6.946253659925011e-09, 6.468161846364068e-08, 7.163085887408177e-08
 -0.0, 6.751402641555486e-09, 5.7915437934396954e-08, 6.468161846364068e-08
 -0.0, 6.607899534172754e-09, 5.128041461577429e-08, 5.7915437934396954e-08
 -0.0, 6.512734695827698e-09, 4.4747766901480175e-08, 5.128041461577429e-08
 -0.0, 6.446944934193212e-09, 3.828072255610296e-08, 4.4747766901480175e-08
 -0.0, 6.408747350015972e-09, 3.186452543915542e-08, 3.828072255610296e-08
 -0.0, 6.388756407277257e-09, 2.54798180581901e-08, 3.186452543915542e-08
 -0.0, 6.376212292310843e-09, 1.9096331818208632e-08, 2.54798180581901e-08
 -0.0, 6.376853898750789e-09, 1.2730014864999732e-08, 1.9096331818208632e-08
 -0.0, 6.374901880185182e-09, 6.36441218666048e-09, 1.2730014864999732e-08
 -0.0, 6.376655714193393e-09, -0.0, 6.36441218666048e-09
 1.3088140900946116e-06, 7.914191987960379e-07, 5.173963495923538e-07, -0.0
 5.173963495922586e-07, 5.174002008559699e-07, 5.174002008559381e-07, 5.173963495923538e-07
 2.4337735165206346e-07, 3.227898130586669e-07, 4.379823625740482e-07, 5.174002008559381e-07
 1.333128420459551e-07, 2.075969604013836e-07, 3.636930813039572e-07, 4.379823625740482e-07
 8.225912979257294e-08, 1.4027832549763e-07, 3.05668163379209e-07, 3.636930813039572e-07
 5.543277394248031e-08, 9.961678301289183e-08, 2.6148758771181756e-07, 3.05668163379209e-07
 3.9867395452216344e-08, 7.392015643721539e-08, 2.2742879429179116e-07, 2.6148758771181756e-07
 3.011743911829739e-08, 5.695467637728397e-08, 2.0057186088774318e-07, 2.2742879429179116e-07
 2.364430777506888e-08, 4.5310710085928364e-08, 1.789007480368058e-07, 2.0057186088774318e-07
 1.9159755031451464e-08, 3.704806592784134e-08, 1.6100214171378642e-07, 1.789007480368058e-07
 1.5945631650773723e-08, 3.1034427215028425e-08, 1.4590812194406782e-07, 1.6100214171378642e-07
 1.3582185624809737e-08, 2.656349996843848e-08, 1.3292621067224818e-07, 1.4590812194406782e-07
 1.1813920701720313e-08, 2.3187236024114813e-08, 1.2155280887715542e-07, 1.3292621067224818e-07
 1.0465258753804584e-08, 2.061098370776999e-08, 1.114231077923336e-07, 1.2155280887715542e-07
 9.435518699674493e-09, 1.8631986138629607e-08, 1.0224435175973367e-07, 1.114231077923336e-07
 8.642500261520712e-09, 1.7107496316848107e-08, 9.379669391520954e-08, 1.0224435175973367e-07
 8.032140950724016e-09, 1.5933324477347266e-08, 8.59208431342039e-08, 9.379669391520954e-08
 7.567531087411287e-09, 1.5032278448900474e-08, 7.848059850179413e-08, 8.59208431342039e-08
 7.211554944370076e-09, 1.4342740113879602e-08, 7.136555758963671e-08, 7.848059850179413e-08
 6.946253659925011e-09, 1.382626026346825e-08, 6.448676744527115e-08, 7.136555758963671e-08
 6.751402641555486e-09, 1.344567100471786e-08, 5.777193482701422e-08, 6.448676744527115e-08
 6.607899534172754e-09, 1.3177273115072462e-08, 5.118524977742923e-08, 5.777193482701422e-08
 6.512734695827698e-09, 1.2992096143138224e-08, 4.4681977139845694e-08, 5.118524977742923e-08
 6.446944934193212e-09, 1.2873396064964498e-08, 3.824252497192572e-08, 4.4681977139845694e-08
 6.408747350015972e-09, 1.2803154536301948e-08, 3.1844534496416704e-08, 3.824252497192572e-08
 6.388756407277257e-09, 1.2764932415844273e-08, 2.546727394322368e-08, 3.1844534496416704e-08
 6.376212292310843e-09, 1.2747201010299477e-08, 1.9096973424648576e-08, 2.546727394322368e-08
 6.376853898750789e-09, 1.2742171712363545e-08, 1.2728062846434126e-08, 1.9096973424648576e-08
 6.374901880185182e-09, 1.2743963688655377e-08, 6.3661660206686905e-09, 1.2728062846434126e-08
 6.376655714193393e-09, 1.2745007564050248e-08, -0.0, 6.3661660206686905e-09
 7.914191987960379e-07, 5.480468721803153e-07, 2.4337735165228565e-07, -0.0
 5.174002008559699e-07, 4.3798236257401644e-07, 3.227898130586351e-07, 2.4337735165228565e-07
 3.227898130586669e-07, 3.227895099169236e-07, 3.227895099167649e-07, 3.227898130586351e-07
 2.075969604013836e-07, 2.340163906165435e-07, 2.963744464002036e-07, 3.227895099167649e-07
 1.4027832549763e-07, 1.7165728395150777e-07, 2.6500662089447085e-07, 2.963744464002036e-07
 9.961678301289183e-08, 1.2883510927377825e-07, 2.357909611361411e-07, 2.6500662089447085e-07
 7.392015643721539e-08, 9.926162700457561e-08, 2.104633142318597e-07, 2.357909611361411e-07
 5.695467637728397e-08, 7.84825305373272e-08, 1.8892789459638758e-07, 2.104633142318597e-07
 4.5310710085928364e-08, 6.358508057970245e-08, 1.706381038787188e-07, 1.8892789459638758e-07
 3.704806592784134e-08, 5.269381796610319e-08, 1.549885030009735e-07, 1.706381038787188e-07
 3.1034427215028425e-08, 4.458075855910019e-08, 1.4143719469747786e-07, 1.549885030009735e-07
 2.656349996843848e-08, 3.8449820377476625e-08, 1.2954994672792453e-07, 1.4143719469747786e-07
 2.3187236024114813e-08, 3.3766713799779406e-08, 1.1897655656081059e-07, 1.2954994672792453e-07
 2.061098370776999e-08, 3.015620864452638e-08, 1.0944411022319321e-07, 1.1897655656081059e-07
 1.8631986138629607e-08, 2.736608167113667e-08, 1.0071986193795216e-07, 1.0944411022319321e-07
 1.7107496316848107e-08, 2.520731367722993e-08, 9.26225220757087e-08, 1.0071986193795216e-07
 1.5933324477347266e-08, 2.3541404598937442e-08, 8.501979710575711e-08, 9.26225220757087e-08
 1.5032278448900474e-08, 2.22621867643147e-08, 7.779106016677326e-08, 8.501979710575711e-08
 1.4342740113879602e-08, 2.1290807004776498e-08, 7.084907773922534e-08, 7.779106016677326e-08
 1.382626026346825e-08, 2.0564709429511312e-08, 6.410617818652076e-08, 7.084907773922534e-08
 1.344567100471786e-08, 2.0036032744562132e-08, 5.750353693736883e-08, 6.410617818652076e-08
 1.3177273115072462e-08, 1.9660726979044165e-08, 5.1000072805495e-08, 5.750353693736883e-08
 1.2992096143138224e-08, 1.941055297961021e-08, 4.4563277061671965e-08, 5.1000072805495e-08
 1.2873396064964498e-08, 1.9252127584568006e-08, 3.817228344326317e-08, 4.4563277061671965e-08
 1.2803154536301948e-08, 1.9163519564205233e-08, 3.1806312375959035e-08, 3.817228344326317e-08
 1.2764932415844273e-08, 1.9120872500067257e-08, 2.544954253767889e-08, 3.1806312375959035e-08
 1.2747201010299477e-08, 1.9104624751093434e-08, 1.9091944126712647e-08, 2.544954253767889e-08
 1.2742171712363545e-08, 1.9107707823267232e-08, 1.2729854822725956e-08, 1.9091944126712647e-08
 1.2743963688655377e-08, 1.9113280595885075e-08, 6.367209896063562e-09, 1.2729854822725956e-08
 1.2745007564050248e-08, 1.911733214346257e-08, -0.0, 6.367209896063562e-09
 5.480468721803153e-07, 4.1474679355749807e-07, 1.3331284204598683e-07, -0.0
 4.3798236257401644e-07, 3.636930813041794e-07, 2.075969604015423e-07, 1.3331284204598683e-07
 3.227895099169236e-07, 2.963744464000766e-07, 2.3401639061638482e-07, 2.075969604015423e-07
 2.340163906165435e-07, 2.3401533973529483e-07, 2.3401533973516788e-07, 2.3401639061638482e-07
 1.7165728395150777e-07, 1.8350220731554498e-07, 2.221844462167413e-07, 2.3401533973516788e-07
 1.2883510927377825e-07, 1.4481903698762627e-07, 2.0621747886693847e-07, 2.221844462167413e-07
 9.926162700457561e-08, 1.1581205423196748e-07, 1.896842177646113e-07, 2.0621747886693847e-07
 7.84825305373272e-08, 9.413951137728103e-08, 1.740304446387628e-07, 1.896842177646113e-07
 6.358508057970245e-08, 7.786769383095293e-08, 1.5974684126511953e-07, 1.740304446387628e-07
 5.269381796610319e-08, 6.554836296757286e-08, 1.4687544359397051e-07, 1.5974684126511953e-07
 4.458075855910019e-08, 5.614238993561173e-08, 1.353062565158543e-07, 1.4687544359397051e-07
 3.8449820377476625e-08, 4.88927688276667e-08, 1.2486684015022733e-07, 1.353062565158543e-07
 3.3766713799779406e-08, 4.326192685190818e-08, 1.1536605140555756e-07, 1.2486684015022733e-07
 3.015620864452638e-08, 3.8884093426969025e-08, 1.0665398324980352e-07, 1.1536605140555756e-07
 2.736608167113667e-08, 3.546303106286751e-08, 9.856109394404543e-08, 1.0665398324980352e-07
 2.520731367722993e-08, 3.280579526703092e-08, 9.09566129974162e-08, 9.856109394404543e-08
 2.3541404598937442e-08, 3.075497195949621e-08, 8.374057927113438e-08, 9.09566129974162e-08
 2.22621867643147e-08, 2.9178127529937596e-08, 7.681968040723506e-08, 8.374057927113438e-08
 2.1290807004776498e-08, 2.799000434995954e-08, 7.012298016396016e-08, 7.681968040723506e-08
 2.0564709429511312e-08, 2.710596586136075e-08, 6.357750150157158e-08, 7.012298016396016e-08
 2.0036032744562132e-08, 2.6466440632048774e-08, 5.712823117185085e-08, 6.357750150157158e-08
 1.9660726979044165e-08, 2.6030439017801135e-08, 5.074989880606103e-08, 5.712823117185085e-08
 1.941055297961021e-08, 2.5737137344885874e-08, 4.4404851666629754e-08, 5.074989880606103e-08
 1.9252127584568006e-08, 2.556776735307275e-08, 3.8083675422900394e-08, 4.4404851666629754e-08
 1.9163519564205233e-08, 2.5479820131723737e-08, 3.176366531182105e-08, 3.8083675422900394e-08
 1.9120872500067257e-08, 2.5446389391825487e-08, 2.543329478870506e-08, 3.176366531182105e-08
 1.9104624751093434e-08, 2.545045884753693e-08, 1.9095027198886448e-08, 2.543329478870506e-08
 1.9107707823267232e-08, 2.546355400079148e-08, 1.2735427595343797e-08, 1.9095027198886448e-08
 1.9113280595885075e-08, 2.5487914225388045e-08, 6.371261443641058e-09, 1.2735427595343797e-08
 1.911733214346257e-08, 2.549793302257452e-08, -0.0, 6.371261443641058e-09
 4.1474679355749807e-07, 3.324945192291429e-07, 8.225912979266816e-08, -0.0
 3.636930813041794e-07, 3.056681633790503e-07, 1.4027832549743952e-07, 8.225912979266816e-08
 2.963744464000766e-07, 2.650066208944074e-07, 1.71657283951603e-07, 1.4027832549743952e-07
 2.3401533973529483e-07, 2.2218444621639215e-07, 1.83502207315418e-07, 1.71657283951603e-07
 1.8350220731554498e-07, 1.8350127588882263e-07, 1.8350127588882263e-07, 1.83502207315418e-07
 1.4481903698762627e-07, 1.5112385031706694e-07, 1.7721049611127968e-07, 1.8350127588882263e-07
 1.1581205423196748e-07, 1.2503427601376934e-07, 1.6801167490992487e-07, 1.7721049611127968e-07
 9.413951137728103e-08, 1.0439460040594694e-07, 1.5775862709243472e-07, 1.6801167490992487e-07
 7.786769383095293e-08, 8.819585515633008e-08, 1.4742751040173945e-07, 1.5775862709243472e-07
 6.554836296757286e-08, 7.549305179412874e-08, 1.374694705620094e-07, 1.4742751040173945e-07
 5.614238993561173e-08, 6.552267302308226e-08, 1.2805663540790928e-07, 1.374694705620094e-07
 4.88927688276667e-08, 5.768648099055726e-08, 1.1923599817446882e-07, 1.2805663540790928e-07
 4.326192685190818e-08, 5.150837942876026e-08, 1.109882179806184e-07, 1.1923599817446882e-07
 3.8884093426969025e-08, 4.663844326189597e-08, 1.0323292088570201e-07, 1.109882179806184e-07
 3.546303106286751e-08, 4.2812002797080305e-08, 9.590385814820883e-08, 1.0323292088570201e-07
 3.280579526703092e-08, 3.981404845345343e-08, 8.89057896898815e-08, 9.590385814820883e-08
 3.075497195949621e-08, 3.749306118932764e-08, 8.216373484157576e-08, 8.89057896898815e-08
 2.9178127529937596e-08, 3.57158644415243e-08, 7.5631557227257e-08, 8.216373484157576e-08
 2.799000434995954e-08, 3.4376785672430656e-08, 6.923894167536137e-08, 7.5631557227257e-08
 2.710596586136075e-08, 3.3399422426025996e-08, 6.29379762722596e-08, 6.923894167536137e-08
 2.6466440632048774e-08, 3.2705478041199075e-08, 5.669222955760322e-08, 6.29379762722596e-08
 2.6030439017801135e-08, 3.224058906866556e-08, 5.045659713314577e-08, 5.669222955760322e-08
 2.5737137344885874e-08, 3.195578592281448e-08, 4.423548167481664e-08, 5.045659713314577e-08
 2.556776735307275e-08, 3.180006485055034e-08, 3.799572820155138e-08, 4.423548167481664e-08
 2.5479820131723737e-08, 3.174267516073134e-08, 3.1730234571922796e-08, 3.799572820155138e-08
 2.5446389391825487e-08, 3.174324767818447e-08, 2.5437364244416507e-08, 3.1730234571922796e-08
 2.545045884753693e-08, 3.1776326574470746e-08, 1.9108122352140998e-08, 2.5437364244416507e-08
 2.546355400079148e-08, 3.182264673453775e-08, 1.2759787819940362e-08, 1.9108122352140998e-08
 2.5487914225388045e-08, 3.185996753836356e-08, 6.381280240827537e-09, 1.2759787819940362e-08
 2.549793302257452e-08, 3.1882217348872695e-08, -0.0, 6.381280240827537e-09
 3.324945192291429e-07, 2.77052966202145e-07, 5.543277394257554e-08, -0.0
 3.056681633790503e-07, 2.6148758771184927e-07, 9.961678301279661e-08, 5.543277394257554e-08
 2.650066208944074e-07, 2.3579096113607763e-07, 1.2883510927358778e-07, 9.961678301279661e-08
 2.2218444621639215e-07, 2.0621747886700195e-07, 1.448190369878485e-07, 1.2883510927358778e-07
 1.8350127588882263e-07, 1.7721049611102573e-07, 1.5112385031706694e-07, 1.448190369878485e-07
 1.5112385031706694e-07, 1.5112092180795034e-07, 1.5112092180798208e-07, 1.5112385031706694e-07
 1.2503427601376934e-07, 1.2879927744042356e-07, 1.4737199930210245e-07, 1.5112092180798208e-07
 1.0439460040594694e-07, 1.102282399852928e-07, 1.4155988184281784e-07, 1.4737199930210245e-07
 8.819585515633008e-08, 9.502854844946971e-08, 1.3472470703953813e-07, 1.4155988184281784e-07
 7.549305179412874e-08, 8.27148612828079e-08, 1.2749909179096292e-07, 1.3472470703953813e-07
 6.552267302308226e-08, 7.278782506396321e-08, 1.2022044337538427e-07, 1.2749909179096292e-07
 5.768648099055726e-08, 6.481459589127996e-08, 1.1305789661267181e-07, 1.2022044337538427e-07
 5.150837942876026e-08, 5.843983529897208e-08, 1.061182818137541e-07, 1.1305789661267181e-07
 4.663844326189597e-08, 5.3351280745146506e-08, 9.940648042088632e-08, 1.061182818137541e-07
 4.2812002797080305e-08, 4.931637293745463e-08, 9.290590380458196e-08, 9.940648042088632e-08
 3.981404845345343e-08, 4.614926156734377e-08, 8.658480242575572e-08, 9.290590380458196e-08
 3.749306118932764e-08, 4.368677426571143e-08, 8.038653809377242e-08, 8.658480242575572e-08
 3.57158644415243e-08, 4.181092581960575e-08, 7.429247845816335e-08, 8.038653809377242e-08
 3.4376785672430656e-08, 4.041530357696883e-08, 6.826157842895671e-08, 7.429247845816335e-08
 3.3399422426025996e-08, 3.94054113381108e-08, 6.224403188743269e-08, 6.826157842895671e-08
 3.2705478041199075e-08, 3.8717420628949886e-08, 5.6227340585069705e-08, 6.224403188743269e-08
 3.224058906866556e-08, 3.827846735186204e-08, 5.017179398729469e-08, 5.6227340585069705e-08
 3.195578592281448e-08, 3.8036698924188154e-08, 4.407976060255249e-08, 5.017179398729469e-08
 3.180006485055034e-08, 3.7941311148678216e-08, 3.793833851173238e-08, 4.407976060255249e-08
 3.174267516073134e-08, 3.7944223233096195e-08, 3.1730807089375935e-08, 3.793833851173238e-08
 3.174324767818447e-08, 3.8009637640034845e-08, 2.5470443140702782e-08, 3.1730807089375935e-08
 3.1776326574470746e-08, 3.809901016831244e-08, 1.9154442512208006e-08, 2.5470443140702782e-08
 3.182264673453775e-08, 3.819078777757454e-08, 1.2797108623766165e-08, 1.9154442512208006e-08
 3.185996753836356e-08, 3.826169135210726e-08, 6.403530051336675e-09, 1.2797108623766165e-08
 3.1882217348872695e-08, 3.8301475633475774e-08, -0.0, 6.403530051336675e-09
 2.77052966202145e-07, 2.371787506257736e-07, 3.986739545227983e-08, -0.0
 2.6148758771184927e-07, 2.2742879429182287e-07, 7.392015643702493e-08, 3.986739545227983e-08
 2.3579096113607763e-07, 2.104633142317645e-07, 9.926162700451212e-08, 7.392015643702493e-08
 2.0621747886700195e-07, 1.8968421776480178e-07, 1.1581205423187225e-07, 9.926162700451212e-08
 1.7721049611102573e-07, 1.6801167490982963e-07, 1.2503427601399153e-07, 1.1581205423187225e-07
 1.5112092180795034e-07, 1.473719993018485e-07, 1.287992774404553e-07, 1.2503427601399153e-07
 1.2879927744042356e-07, 1.288009618469082e-07, 1.288009618469717e-07, 1.287992774404553e-07
 1.102282399852928e-07, 1.1267660497135748e-07, 1.2636019030699476e-07, 1.288009618469717e-07
 9.502854844946971e-08, 9.89873283189272e-08, 1.224110198728763e-07, 1.2636019030699476e-07
 8.27148612828079e-08, 8.754657950843724e-08, 1.1757205557211822e-07, 1.224110198728763e-07
 7.278782506396321e-08, 7.809987186006806e-08, 1.1224721420270101e-07, 1.1757205557211822e-07
 6.481459589127996e-08, 7.036340764165221e-08, 1.0668313602036392e-07, 1.1224721420270101e-07
 5.843983529897208e-08, 6.407290513907349e-08, 1.0102972725992854e-07, 1.0668313602036392e-07
 5.3351280745146506e-08, 5.9005651365218786e-08, 9.537157261319447e-08, 1.0102972725992854e-07
 4.931637293745463e-08, 5.495660446110665e-08, 8.973879243447109e-08, 9.537157261319447e-08
 4.614926156734377e-08, 5.176754378373831e-08, 8.412231512412337e-08, 8.973879243447109e-08
 4.368677426571143e-08, 4.929677157519272e-08, 7.851068964766675e-08, 8.412231512412337e-08
 4.181092581960575e-08, 4.742937215512632e-08, 7.289685621552642e-08, 7.851068964766675e-08
 4.041530357696883e-08, 4.6060565538440026e-08, 6.725168619009868e-08, 7.289685621552642e-08
 3.94054113381108e-08, 4.5100969913584896e-08, 6.155604117827177e-08, 6.725168619009868e-08
 3.8717420628949886e-08, 4.44782507988161e-08, 5.5788387307981865e-08, 6.155604117827177e-08
 3.827846735186204e-08, 4.412101088493533e-08, 4.993002555962081e-08, 5.5788387307981865e-08
 3.8036698924188154e-08, 4.397445118057174e-08, 4.398437282704255e-08, 4.993002555962081e-08
 3.7941311148678216e-08, 4.397787499774831e-08, 3.794125059615037e-08, 4.398437282704255e-08
 3.7944223233096195e-08, 4.408196570040191e-08, 3.1796221496314585e-08, 3.794125059615037e-08
 3.8009637640034845e-08, 4.424420702252095e-08, 2.5559815668980377e-08, 3.1796221496314585e-08
 3.809901016831244e-08, 4.442127957813393e-08, 1.9246220121470103e-08, 2.5559815668980377e-08
 3.819078777757454e-08, 4.458387621135105e-08, 1.2868012198298889e-08, 1.9246220121470103e-08
 3.826169135210726e-08, 4.470442554858414e-08, 6.44331433270519e-09, 1.2868012198298889e-08
 3.8301475633475774e-08, 4.477111422449339e-08, -0.0, 6.44331433270519e-09
 2.371787506257736e-07, 2.070449922305273e-07, 3.0117439118329135e-08, -0.0
 2.2742879429182287e-07, 2.0057186088720356e-07, 5.695467637696654e-08, 3.0117439118329135e-08
 2.104633142317645e-07, 1.8892789459616534e-07, 7.84825305375494e-08, 5.695467637696654e-08
 1.8968421776480178e-07, 1.7403044463831842e-07, 9.41395113769001e-08, 7.84825305375494e-08
 1.6801167490982963e-07, 1.5775862709259343e-07, 1.0439460040601043e-07, 9.41395113769001e-08
 1.473719993018485e-07, 1.4155988184291306e-07, 1.10228239985515e-07, 1.0439460040601043e-07
 1.288009618469082e-07, 1.2636019030683605e-07, 1.1267660497142096e-07, 1.10228239985515e-07
 1.1267660497135748e-07, 1.1267091365437403e-07, 1.1267091365456448e-07, 1.1267660497142096e-07
 9.89873283189272e-08, 1.0068337246500613e-07, 1.1097027106238634e-07, 1.1267091365456448e-07
 8.754657950843724e-08, 9.039216821591722e-08, 1.0812534792374902e-07, 1.1097027106238634e-07
 7.809987186006806e-08, 8.170007934695292e-08, 1.0451074998428516e-07, 1.0812534792374902e-07
 7.036340764165221e-08, 7.445690533797455e-08, 1.0039263351778522e-07, 1.0451074998428516e-07
 6.407290513907349e-08, 6.84936729201523e-08, 9.596247348607386e-08, 1.0039263351778522e-07
 5.9005651365218786e-08, 6.363952800425833e-08, 9.132252570908233e-08, 9.596247348607386e-08
 5.495660446110665e-08, 5.97462052178127e-08, 8.654973175710275e-08, 9.132252570908233e-08
 5.176754378373831e-08, 5.6675301011283084e-08, 8.165154291557779e-08, 8.654973175710275e-08
 4.929677157519272e-08, 5.4309762880562626e-08, 7.664329022760033e-08, 8.165154291557779e-08
 4.742937215512632e-08, 5.254740292076366e-08, 7.152804959884014e-08, 7.664329022760033e-08
 4.6060565538440026e-08, 5.129332752023599e-08, 6.629209056524354e-08, 7.152804959884014e-08
 4.5100969913584896e-08, 5.0460791166954006e-08, 6.093332206350298e-08, 6.629209056524354e-08
 4.44782507988161e-08, 4.997462918757311e-08, 5.5431147394101096e-08, 6.093332206350298e-08
 4.412101088493533e-08, 4.97620978642659e-08, 4.978346585525722e-08, 5.5431147394101096e-08
 4.397445118057174e-08, 4.976394858815935e-08, 4.398779664421912e-08, 4.978346585525722e-08
 4.397787499774831e-08, 4.991722909272464e-08, 3.8045341298803975e-08, 4.398779664421912e-08
 4.408196570040191e-08, 5.016666670920425e-08, 3.195846281843361e-08, 3.8045341298803975e-08
 4.424420702252095e-08, 5.046007441090993e-08, 2.5736888224593365e-08, 3.195846281843361e-08
 4.442127957813393e-08, 5.0756348282466734e-08, 1.9408816754687218e-08, 2.5736888224593365e-08
 4.458387621135105e-08, 5.101006953611632e-08, 1.2988561535531979e-08, 1.9408816754687218e-08
 4.470442554858414e-08, 5.11954037266453e-08, 6.510003008614442e-09, 1.2988561535531979e-08
 4.477111422449339e-08, 5.12925164744213e-08, -0.0, 6.510003008614442e-09
 2.070449922305273e-07, 1.833853007805502e-07, 2.3644307775005396e-08, -0.0
 2.0057186088720356e-07, 1.7890074803652012e-07, 4.5310710085928364e-08, 2.3644307775005396e-08
 1.8892789459616534e-07, 1.7063810387814743e-07, 6.358508057970245e-08, 4.5310710085928364e-08
 1.7403044463831842e-07, 1.5974684126515126e-07, 7.786769383117513e-08, 6.358508057970245e-08
 1.5775862709259343e-07, 1.4742751040161248e-07, 8.819585515633008e-08, 7.786769383117513e-08
 1.4155988184291306e-07, 1.3472470703972858e-07, 9.502854844943798e-08, 8.819585515633008e-08
 1.2636019030683605e-07, 1.224110198727176e-07, 9.898732831895894e-08, 9.502854844943798e-08
 1.1267091365437403e-07, 1.1097027106254506e-07, 1.0068337246519658e-07, 9.898732831895894e-08
 1.0068337246500613e-07, 1.0067906681317045e-07, 1.0067906681329741e-07, 1.0068337246519658e-07
 9.039216821591722e-08, 9.164297689047929e-08, 9.943325905478474e-08, 1.0067906681329741e-07
 8.170007934695292e-08, 8.386071077164204e-08, 9.72675759753068e-08, 9.943325905478474e-08
 7.445690533797455e-08, 7.727678297373114e-08, 9.442940109996294e-08, 9.72675759753068e-08
 6.84936729201523e-08, 7.179737340161389e-08, 9.110832857017988e-08, 9.442940109996294e-08
 6.363952800425833e-08, 6.731493285218728e-08, 8.742920292263669e-08, 9.110832857017988e-08
 5.97462052178127e-08, 6.371078992694313e-08, 8.347882755057313e-08, 8.742920292263669e-08
 5.6675301011283084e-08, 6.087991454703404e-08, 7.928600478485734e-08, 8.347882755057313e-08
 5.4309762880562626e-08, 5.8729421241404676e-08, 7.488093026780138e-08, 7.928600478485734e-08
 5.254740292076366e-08, 5.7166629322785935e-08, 7.027397419831246e-08, 7.488093026780138e-08
 5.129332752023599e-08, 5.610843940651026e-08, 6.545955421196157e-08, 7.027397419831246e-08
 5.0460791166954006e-08, 5.5480773512496136e-08, 6.044716008412208e-08, 6.545955421196157e-08
 4.997462918757311e-08, 5.5195875486141295e-08, 5.521861607079388e-08, 6.044716008412208e-08
 4.97620978642659e-08, 5.519841487790824e-08, 4.9785316579150665e-08, 5.521861607079388e-08
 4.976394858815935e-08, 5.540902934904779e-08, 4.414107714878441e-08, 4.9785316579150665e-08
 4.991722909272464e-08, 5.576893388821723e-08, 3.8294778915283575e-08, 4.414107714878441e-08
 5.016666670920425e-08, 5.621270375632984e-08, 3.225187052013931e-08, 3.8294778915283575e-08
 5.046007441090993e-08, 5.668148638601016e-08, 2.6033162096150155e-08, 3.225187052013931e-08
 5.0756348282466734e-08, 5.712709489528558e-08, 1.966253800833681e-08, 2.6033162096150155e-08
 5.101006953611632e-08, 5.7498142671450934e-08, 1.3173895726060965e-08, 1.966253800833681e-08
 5.11954037266453e-08, 5.7767776085051405e-08, 6.607115756390442e-09, 1.3173895726060965e-08
 5.12925164744213e-08, 5.7910201228562644e-08, -0.0, 6.607115756390442e-09
 1.833853007805502e-07, 1.6421626509411497e-07, 1.9159755030975322e-08, -0.0
 1.7890074803652012e-07, 1.6100214171365944e-07, 3.704806592755565e-08, 1.9159755030975322e-08
 1.7063810387814743e-07, 1.549885030011322e-07, 5.26938179667063e-08, 3.704806592755565e-08
 1.5974684126515126e-07, 1.4687544359387528e-07, 6.554836296763633e-08, 5.26938179667063e-08
 1.4742751040161248e-07, 1.3746947056191415e-07, 7.549305179444615e-08, 6.554836296763633e-08
 1.3472470703972858e-07, 1.2749909179077244e-07, 8.271486128242698e-08, 7.549305179444615e-08
 1.224110198727176e-07, 1.1757205557249913e-07, 8.754657950878641e-08, 8.271486128242698e-08
 1.1097027106254506e-07, 1.0812534792362206e-07, 9.039216821582198e-08, 8.754657950878641e-08
 1.0067906681317045e-07, 9.943325905491172e-08, 9.164297689060627e-08, 9.039216821582198e-08
 9.164297689047929e-08, 9.165099293588399e-08, 9.165099293594748e-08, 9.164297689060627e-08
 8.386071077164204e-08, 8.483939568873346e-08, 9.06836481773959e-08, 9.165099293594748e-08
 7.727678297373114e-08, 7.900694633772827e-08, 8.89499915278457e-08, 9.06836481773959e-08
 7.179737340161389e-08, 7.411563378346284e-08, 8.662588802075327e-08, 8.89499915278457e-08
 6.731493285218728e-08, 7.00995038696176e-08, 8.382505999739255e-08, 8.662588802075327e-08
 6.371078992694313e-08, 6.689381182720355e-08, 8.064795217066403e-08, 8.382505999739255e-08
 6.087991454703404e-08, 6.440342590493107e-08, 7.713551147922797e-08, 8.064795217066403e-08
 5.8729421241404676e-08, 6.255746458603977e-08, 7.331813834918264e-08, 7.713551147922797e-08
 5.7166629322785935e-08, 6.128450498350683e-08, 6.92157842820368e-08, 7.331813834918264e-08
 5.610843940651026e-08, 6.050620933430402e-08, 6.483188831794743e-08, 6.92157842820368e-08
 5.5480773512496136e-08, 6.015249845094994e-08, 6.016226205776725e-08, 6.483188831794743e-08
 5.5195875486141295e-08, 6.014935213065138e-08, 5.522115546256081e-08, 6.016226205776725e-08
 5.519841487790824e-08, 6.042239586925484e-08, 4.9995931050290226e-08, 5.522115546256081e-08
 5.540902934904779e-08, 6.090691126856232e-08, 4.450098168795384e-08, 4.9995931050290226e-08
 5.576893388821723e-08, 6.15294449624822e-08, 3.873854878339619e-08, 4.450098168795384e-08
 5.621270375632984e-08, 6.222153691501925e-08, 3.2720653149819625e-08, 3.873854878339619e-08
 5.668148638601016e-08, 6.292002935783669e-08, 2.6478770605425578e-08, 3.2720653149819625e-08
 5.712709489528558e-08, 6.356377909723208e-08, 2.0033585784502165e-08, 2.6478770605425578e-08
 5.7498142671450934e-08, 6.409742530039908e-08, 1.3443529139661436e-08, 2.0033585784502165e-08
 5.7767776085051405e-08, 6.447485869732029e-08, 6.749540899901681e-09, 1.3443529139661436e-08
 5.7910201228562644e-08, 6.467091311341172e-08, -0.0, 6.749540899901681e-09
 1.6421626509411497e-07, 1.482715679699683e-07, 1.5945631650519782e-08, -0.0
 1.6100214171365944e-07, 1.4590812194397259e-07, 3.1034427215028425e-08, 1.5945631650519782e-08
 1.549885030011322e-07, 1.4143719469747786e-07, 4.4580758559449356e-08, 3.1034427215028425e-08
 1.4687544359387528e-07, 1.3530625651572732e-07, 5.614238993567522e-08, 4.4580758559449356e-08
 1.3746947056191415e-07, 1.2805663540781404e-07, 6.552267302330446e-08, 5.614238993567522e-08
 1.2749909179077244e-07, 1.2022044337528903e-07, 7.278782506415366e-08, 6.552267302330446e-08
 1.1757205557249913e-07, 1.1224721420238359e-07, 7.809987185990934e-08, 7.278782506415366e-08
 1.0812534792362206e-07, 1.0451074998425343e-07, 8.170007934711163e-08, 7.809987185990934e-08
 9.943325905491172e-08, 9.726757597521156e-08, 8.386071077157856e-08, 8.170007934711163e-08
 9.165099293588399e-08, 9.068364817726893e-08, 8.483939568879694e-08, 8.386071077157856e-08
 8.483939568873346e-08, 8.485119882651768e-08, 8.48511988263907e-08, 8.483939568879694e-08
 7.900694633772827e-08, 7.980369789845628e-08, 8.405867897358027e-08, 8.48511988263907e-08
 7.411563378346284e-08, 7.555948787035584e-08, 8.260975810690802e-08, 8.405867897358027e-08
 7.00995038696176e-08, 7.20850748292015e-08, 8.06193679549785e-08, 8.260975810690802e-08
 6.689381182720355e-08, 6.933780791210155e-08, 7.815756624839153e-08, 8.06193679549785e-08
 6.440342590493107e-08, 6.726817005428441e-08, 7.528955016033668e-08, 7.815756624839153e-08
 6.255746458603977e-08, 6.580775227458875e-08, 7.20451787466497e-08, 7.528955016033668e-08
 6.128450498350683e-08, 6.489792863661615e-08, 6.843748863283397e-08, 7.20451787466497e-08
 6.050620933430402e-08, 6.447763851312761e-08, 6.447817743459336e-08, 6.843748863283397e-08
 6.015249845094994e-08, 6.44758474947694e-08, 6.015911573746869e-08, 6.447817743459336e-08
 6.014935213065138e-08, 6.482466496988761e-08, 5.549419920116428e-08, 6.015911573746869e-08
 6.042239586925484e-08, 6.544706572523374e-08, 5.048044644959769e-08, 5.549419920116428e-08
 6.090691126856232e-08, 6.627299353281595e-08, 4.512351538187375e-08, 5.048044644959769e-08
 6.15294449624822e-08, 6.72312787529415e-08, 3.943064073593322e-08, 4.512351538187375e-08
 6.222153691501925e-08, 6.823837542633557e-08, 3.341914559263706e-08, 3.943064073593322e-08
 6.292002935783669e-08, 6.922281238314309e-08, 2.7122520344820985e-08, 3.341914559263706e-08
 6.356377909723208e-08, 7.011019642287162e-08, 2.0567231987669152e-08, 2.7122520344820985e-08
 6.409742530039908e-08, 7.083646357070425e-08, 1.3820962536582646e-08, 2.0567231987669152e-08
 6.447485869732029e-08, 7.135421367329129e-08, 6.945595315993112e-09, 1.3820962536582646e-08
 6.467091311341172e-08, 7.162138143871425e-08, -0.0, 6.945595315993112e-09
 1.482715679699683e-07, 1.3469447559486148e-07, 1.358218562452405e-08, -0.0
 1.4590812194397259e-07, 1.3292621067221644e-07, 2.6563499968533707e-08, 1.358218562452405e-08
 1.4143719469747786e-07, 1.295499467278928e-07, 3.844982037769882e-08, 2.6563499968533707e-08
 1.3530625651572732e-07, 1.2486684015032254e-07, 4.889276882776193e-08, 3.844982037769882e-08
 1.2805663540781404e-07, 1.1923599817446882e-07, 5.768648099077946e-08, 4.889276882776193e-08
 1.2022044337528903e-07, 1.1305789661248134e-07, 6.481459589124821e-08, 5.768648099077946e-08
 1.1224721420238359e-07, 1.0668313602055439e-07, 7.036340764177917e-08, 6.481459589124821e-08
 1.0451074998425343e-07, 1.0039263351797567e-07, 7.445690533806978e-08, 7.036340764177917e-08
 9.726757597521156e-08, 9.442940109999468e-08, 7.727678297363592e-08, 7.445690533806978e-08
 9.068364817726893e-08, 8.894999152794092e-08, 7.900694633804569e-08, 7.727678297363592e-08
 8.485119882651768e-08, 8.405867897364376e-08, 7.98036978983293e-08, 7.900694633804569e-08
 7.980369789845628e-08, 7.981446894541635e-08, 7.981446894547983e-08, 7.98036978983293e-08
 7.555948787035584e-08, 7.62346093805466e-08, 7.913534506575369e-08, 7.981446894547983e-08
 7.20850748292015e-08, 7.334630266495724e-08, 7.787210103787855e-08, 7.913534506575369e-08
 6.933780791210155e-08, 7.111755091182629e-08, 7.608792839057437e-08, 7.787210103787855e-08
 6.726817005428441e-08, 6.951498466301023e-08, 7.382913238064104e-08, 7.608792839057437e-08
 6.580775227458875e-08, 6.85006185728465e-08, 7.113535510867708e-08, 7.382913238064104e-08
 6.489792863661615e-08, 6.801961553628094e-08, 6.801719850934545e-08, 7.113535510867708e-08
 6.447763851312761e-08, 6.802501815201024e-08, 6.447638641623517e-08, 6.801719850934545e-08
 6.44758474947694e-08, 6.845088953508858e-08, 6.05079332125869e-08, 6.447638641623517e-08
 6.482466496988761e-08, 6.922587618881413e-08, 5.611659995651041e-08, 6.05079332125869e-08
 6.544706572523374e-08, 7.027945176423774e-08, 5.1306374257179905e-08, 5.611659995651041e-08
 6.627299353281595e-08, 7.152829940922068e-08, 4.6081800601999284e-08, 5.1306374257179905e-08
 6.72312787529415e-08, 7.289254787590256e-08, 4.04377374093273e-08, 4.6081800601999284e-08
 6.823837542633557e-08, 7.428544768177555e-08, 3.440358254944457e-08, 4.04377374093273e-08
 6.922281238314309e-08, 7.562122004195238e-08, 2.8009904384549523e-08, 3.440358254944457e-08
 7.011019642287162e-08, 7.681249908541025e-08, 2.1293499135501784e-08, 2.8009904384549523e-08
 7.083646357070425e-08, 7.778470074209609e-08, 1.4338712639169692e-08, 2.1293499135501784e-08
 7.135421367329129e-08, 7.847164542214621e-08, 7.212763081416064e-09, 1.4338712639169692e-08
 7.162138143871425e-08, 7.882664078136193e-08, -0.0, 7.212763081416064e-09
 1.3469447559486148e-07, 1.229014708250394e-07, 1.1813920701879027e-08, -0.0
 1.3292621067221644e-07, 1.2155280887702844e-07, 2.318723602421004e-08, 1.1813920701879027e-08
 1.295499467278928e-07, 1.1897655656081059e-07, 3.3766713800128576e-08, 2.318723602421004e-08
 1.2486684015032254e-07, 1.1536605140539885e-07, 4.326192685190818e-08, 3.3766713800128576e-08
 1.1923599817446882e-07, 1.1098821798074538e-07, 5.1508379428792005e-08, 4.326192685190818e-08
 1.1305789661248134e-07, 1.0611828181400804e-07, 5.8439835299321257e-08, 5.1508379428792005e-08
 1.0668313602055439e-07, 1.0102972725999201e-07, 6.407290513920045e-08, 5.8439835299321257e-08
 1.0039263351797567e-07, 9.596247348613733e-08, 6.849367292008882e-08, 6.407290513920045e-08
 9.442940109999468e-08, 9.110832857002117e-08, 7.179737340158215e-08, 6.849367292008882e-08
 8.894999152794092e-08, 8.662588802097548e-08, 7.411563378374853e-08, 7.179737340158215e-08
 8.405867897364376e-08, 8.260975810706673e-08, 7.555948787010189e-08, 7.411563378374853e-08
 7.981446894541635e-08, 7.913534506581717e-08, 7.623460938061009e-08, 7.555948787010189e-08
 7.62346093805466e-08, 7.624703835022782e-08, 7.624703835016433e-08, 7.623460938061009e-08
 7.334630266495724e-08, 7.395623700029942e-08, 7.56433492847476e-08, 7.624703835016433e-08
 7.111755091182629e-08, 7.228004352932658e-08, 7.448536214175832e-08, 7.56433492847476e-08
 6.951498466301023e-08, 7.119159367783221e-08, 7.281476629047733e-08, 7.448536214175832e-08
 6.85006185728465e-08, 7.066650664631134e-08, 7.065435207211151e-08, 7.281476629047733e-08
 6.801961553628094e-08, 7.067072814206859e-08, 6.802260112507475e-08, 7.065435207211151e-08
 6.802501815201024e-08, 7.1155579652536e-08, 6.490225779931351e-08, 6.802260112507475e-08
 6.845088953508858e-08, 7.207060100601918e-08, 6.128291986631245e-08, 6.490225779931351e-08
 6.922587618881413e-08, 7.334639423329233e-08, 5.7170175531934005e-08, 6.128291986631245e-08
 7.027945176423774e-08, 7.490014960700286e-08, 5.255522190216285e-08, 5.7170175531934005e-08
 7.152829940922068e-08, 7.665508319648965e-08, 4.744604906868115e-08, 5.255522190216285e-08
 7.289254787590256e-08, 7.851584575705802e-08, 4.183063721520029e-08, 4.744604906868115e-08
 7.428544768177555e-08, 8.03878559216147e-08, 3.5739354909621416e-08, 4.183063721520029e-08
 7.562122004195238e-08, 8.215962767099723e-08, 2.9201183428007383e-08, 3.5739354909621416e-08
 7.681249908541025e-08, 8.373351251798716e-08, 2.226570079218763e-08, 2.9201183428007383e-08
 7.778470074209609e-08, 8.501272910597568e-08, 1.5025657319219823e-08, 2.226570079218763e-08
 7.847164542214621e-08, 8.591436097397136e-08, 7.567758440631773e-09, 1.5025657319219823e-08
 7.882664078136193e-08, 8.637797260096052e-08, -0.0, 7.567758440631773e-09
 1.229014708250394e-07, 1.1245284784652718e-07, 1.0465258753868069e-08, -0.0
 1.2155280887702844e-07, 1.1142310779207966e-07, 2.061098370799219e-08, 1.0465258753868069e-08
 1.1897655656081059e-07, 1.0944411022271707e-07, 3.015620864471684e-08, 2.061098370799219e-08
 1.1536605140539885e-07, 1.0665398324967654e-07, 3.888409342725471e-08, 3.015620864471684e-08
 1.1098821798074538e-07, 1.0323292088522586e-07, 4.663844326205469e-08, 3.888409342725471e-08
 1.0611828181400804e-07, 9.940648042069587e-08, 5.335128074530522e-08, 4.663844326205469e-08
 1.0102972725999201e-07, 9.53715726132262e-08, 5.900565136534576e-08, 5.335128074530522e-08
 9.596247348613733e-08, 9.132252570905058e-08, 6.363952800397265e-08, 5.900565136534576e-08
 9.110832857002117e-08, 8.74292029230176e-08, 6.731493285253646e-08, 6.363952800397265e-08
 8.662588802097548e-08, 8.382505999732906e-08, 7.00995038698398e-08, 6.731493285253646e-08
 8.260975810706673e-08, 8.061936795459759e-08, 7.208507482885233e-08, 7.00995038698398e-08
 7.913534506581717e-08, 7.787210103768809e-08, 7.334630266502073e-08, 7.208507482885233e-08
 7.624703835022782e-08, 7.564334928449365e-08, 7.395623700023593e-08, 7.334630266502073e-08
 7.395623700029942e-08, 7.396715581348908e-08, 7.396715581377476e-08, 7.395623700023593e-08
 7.228004352932658e-08, 7.285119714990324e-08, 7.339691229026395e-08, 7.396715581377476e-08
 7.119159367783221e-08, 7.230625103766103e-08, 7.228967925895646e-08, 7.339691229026395e-08
 7.066650664631134e-08, 7.230921797633338e-08, 7.065857356786878e-08, 7.228967925895646e-08
 7.067072814206859e-08, 7.283979400648151e-08, 6.850745263554215e-08, 7.065857356786878e-08
 7.1155579652536e-08, 7.386210432089853e-08, 6.581727915279668e-08, 6.850745263554215e-08
 7.207060100601918e-08, 7.532526754392223e-08, 6.255871309358559e-08, 6.581727915279668e-08
 7.334639423329233e-08, 7.716772404945707e-08, 5.872393090564454e-08, 6.255871309358559e-08
 7.490014960700286e-08, 7.93134404930399e-08, 5.4310155491649654e-08, 5.872393090564454e-08
 7.665508319648965e-08, 8.166827942690113e-08, 4.930681162924951e-08, 5.4310155491649654e-08
 7.851584575705802e-08, 8.413144743065145e-08, 4.3702647379756966e-08, 4.930681162924951e-08
 8.03878559216147e-08, 8.658456375509127e-08, 3.7511126659003946e-08, 4.3702647379756966e-08
 8.215962767099723e-08, 8.890273209573295e-08, 3.077506827499731e-08, 3.7511126659003946e-08
 8.373351251798716e-08, 9.094915863178108e-08, 2.3544917380176157e-08, 3.077506827499731e-08
 8.501272910597568e-08, 9.261408314206425e-08, 1.5927289187215507e-08, 2.3544917380176157e-08
 8.591436097397136e-08, 9.37896356392575e-08, 8.031370067620923e-09, 1.5927289187215507e-08
 8.637797260096052e-08, 9.439985706633615e-08, -0.0, 8.031370067620923e-09
 1.1245284784652718e-07, 1.0303737019760175e-07, 9.435518699420551e-09, -0.0
 1.1142310779207966e-07, 1.0224435175951147e-07, 1.8631986138629607e-08, 9.435518699420551e-09
 1.0944411022271707e-07, 1.0071986193801564e-07, 2.73660816716763e-08, 1.8631986138629607e-08
 1.0665398324967654e-07, 9.856109394395019e-08, 3.546303106280403e-08, 2.73660816716763e-08
 1.0323292088522586e-07, 9.590385814808186e-08, 4.2812002797524706e-08, 3.546303106280403e-08
 9.940648042069587e-08, 9.290590380420104e-08, 4.9316372937835543e-08, 4.2812002797524706e-08
 9.53715726132262e-08, 8.973879243405843e-08, 5.495660446117014e-08, 4.9316372937835543e-08
 9.132252570905058e-08, 8.65497317566266e-08, 5.974620521793967e-08, 5.495660446117014e-08
 8.74292029230176e-08, 8.3478827550097e-08, 6.37107899268479e-08, 5.974620521793967e-08
 8.382505999732906e-08, 8.064795217085448e-08, 6.689381182710833e-08, 6.37107899268479e-08
 8.061936795459759e-08, 7.815756624842328e-08, 6.933780791194284e-08, 6.689381182710833e-08
 7.787210103768809e-08, 7.60879283905109e-08, 7.111755091182629e-08, 6.933780791194284e-08
 7.564334928449365e-08, 7.448536214172657e-08, 7.228004352923135e-08, 7.111755091182629e-08
 7.396715581348908e-08, 7.339691229016872e-08, 7.285119715018893e-08, 7.228004352923135e-08
 7.285119714990324e-08, 7.285196617811697e-08, 7.285196617802174e-08, 7.285119715018893e-08
 7.230625103766103e-08, 7.285605490658448e-08, 7.229264619762881e-08, 7.285196617802174e-08
 7.230921797633338e-08, 7.341700343934185e-08, 7.118914959801691e-08, 7.229264619762881e-08
 7.283979400648151e-08, 7.4513213332463e-08, 6.952976294995916e-08, 7.118914959801691e-08
 7.386210432089853e-08, 7.612068131955058e-08, 6.728044237582037e-08, 6.952976294995916e-08
 7.532526754392223e-08, 7.819626881954212e-08, 6.440116959912045e-08, 6.728044237582037e-08
 7.716772404945707e-08, 8.068710123423981e-08, 6.086964734922736e-08, 6.440116959912045e-08
 7.93134404930399e-08, 8.350922977724887e-08, 5.666499442551087e-08, 6.086964734922736e-08
 8.166827942690113e-08, 8.657218928760527e-08, 5.1769979632999834e-08, 5.666499442551087e-08
 8.413144743065145e-08, 8.975185644342364e-08, 4.61557637041968e-08, 5.1769979632999834e-08
 8.658456375509127e-08, 9.29113563586882e-08, 3.982929499964561e-08, 4.61557637041968e-08
 8.890273209573295e-08, 9.589961160438228e-08, 3.282149481104544e-08, 3.982929499964561e-08
 9.094915863178108e-08, 9.855021659622759e-08, 2.520984189045932e-08, 3.282149481104544e-08
 9.261408314206425e-08, 1.0071125261820457e-07, 1.710284168440877e-08, 2.520984189045932e-08
 9.37896356392575e-08, 1.0223551779179009e-07, 8.64159149469957e-09, 1.710284168440877e-08
 9.439985706633615e-08, 1.0302514143385822e-07, -0.0, 8.64159149469957e-09
 1.0303737019760175e-07, 9.440705322622844e-08, 8.642500261330256e-09, -0.0
 1.0224435175951147e-07, 9.379669391511432e-08, 1.7107496317133792e-08, 8.642500261330256e-09
 1.0071986193801564e-07, 9.26225220757087e-08, 2.520731367761084e-08, 1.7107496317133792e-08
 9.856109394395019e-08, 9.09566129970353e-08, 3.280579526693569e-08, 2.520731367761084e-08
 9.590385814808186e-08, 8.890578969000848e-08, 3.9814048453643884e-08, 3.280579526693569e-08
 9.290590380420104e-08, 8.658480242572397e-08, 4.614926156769294e-08, 3.9814048453643884e-08
 8.973879243405843e-08, 8.412231512393292e-08, 5.176754378373831e-08, 4.614926156769294e-08
 8.65497317566266e-08, 8.165154291554606e-08, 5.667530101141005e-08, 5.176754378373831e-08
 8.3478827550097e-08, 7.928600478469863e-08, 6.087991454760542e-08, 5.667530101141005e-08
 8.064795217085448e-08, 7.713551147859312e-08, 6.440342590467712e-08, 6.087991454760542e-08
 7.815756624842328e-08, 7.528955016030495e-08, 6.726817005403046e-08, 6.440342590467712e-08
 7.60879283905109e-08, 7.382913238019665e-08, 6.951498466304198e-08, 6.726817005403046e-08
 7.448536214172657e-08, 7.281476629066778e-08, 7.119159367767351e-08, 6.951498466304198e-08
 7.339691229016872e-08, 7.228967925921039e-08, 7.230625103813718e-08, 7.119159367767351e-08
 7.285196617811697e-08, 7.229264619753357e-08, 7.285605490648926e-08, 7.230625103813718e-08
 7.285605490658448e-08, 7.28535947304179e-08, 7.285359473038617e-08, 7.285605490648926e-08
 7.341700343934185e-08, 7.397910928454157e-08, 7.228535949113806e-08, 7.285359473038617e-08
 7.4513213332463e-08, 7.566824099566671e-08, 7.113723093704674e-08, 7.228535949113806e-08
 7.612068131955058e-08, 7.790513177776408e-08, 6.935602987581191e-08, 7.113723093704674e-08
 7.819626881954212e-08, 8.065397976710765e-08, 6.689200201381812e-08, 6.935602987581191e-08
 8.068710123423981e-08, 8.386534235548983e-08, 6.369177589223644e-08, 6.689200201381812e-08
 8.350922977724887e-08, 8.746940377197169e-08, 5.972795393586727e-08, 6.369177589223644e-08
 8.657218928760527e-08, 9.13559436366104e-08, 5.49496467888182e-08, 5.972795393586727e-08
 8.975185644342364e-08, 9.539385141057578e-08, 4.9315263619461356e-08, 5.49496467888182e-08
 9.29113563586882e-08, 9.942205743110262e-08, 4.281755024533971e-08, 4.9315263619461356e-08
 9.589961160438228e-08, 1.0323883009227212e-07, 3.547209980289073e-08, 4.281755024533971e-08
 9.855021659622759e-08, 1.0664724851839384e-07, 2.7370877912436306e-08, 3.547209980289073e-08
 1.0071125261820457e-07, 1.0943087745663737e-07, 1.8627106857994297e-08, 2.7370877912436306e-08
 1.0223551779179009e-07, 1.1141115433921578e-07, 9.431215136767691e-09, 1.8627106857994297e-08
 1.0302514143385822e-07, 1.1244003452421462e-07, -0.0, 9.431215136767691e-09
 9.440705322622844e-08, 8.638545299710399e-08, 8.03214095021613e-09, -0.0
 9.379669391511432e-08, 8.592084313429913e-08, 1.593332447772818e-08, 8.03214095021613e-09
 9.26225220757087e-08, 8.501979710575711e-08, 2.3541404598937442e-08, 1.593332447772818e-08
 9.09566129970353e-08, 8.374057927113438e-08, 3.075497195990886e-08, 2.3541404598937442e-08
 8.890578969000848e-08, 8.216373484122658e-08, 3.7493061189359383e-08, 3.075497195990886e-08
 8.658480242572397e-08, 8.038653809374068e-08, 4.3686774265901887e-08, 3.7493061189359383e-08
 8.412231512393292e-08, 7.851068964766675e-08, 4.9296771575351435e-08, 4.3686774265901887e-08
 8.165154291554606e-08, 7.664329022747337e-08, 5.4309762880562626e-08, 4.9296771575351435e-08
 7.928600478469863e-08, 7.48809302677379e-08, 5.87294212414999e-08, 5.4309762880562626e-08
 7.713551147859312e-08, 7.331813834892869e-08, 6.255746458638894e-08, 5.87294212414999e-08
 7.528955016030495e-08, 7.204517874639575e-08, 6.580775227392216e-08, 6.255746458638894e-08
 7.382913238019665e-08, 7.113535510905799e-08, 6.850061857351311e-08, 6.580775227392216e-08
 7.281476629066778e-08, 7.065435207185758e-08, 7.066650664621611e-08, 6.850061857351311e-08
 7.228967925921039e-08, 7.065857356783704e-08, 7.230921797646036e-08, 7.066650664621611e-08
 7.229264619753357e-08, 7.118914959811215e-08, 7.341700343937359e-08, 7.230921797646036e-08
 7.28535947304179e-08, 7.228535949104283e-08, 7.397910928450982e-08, 7.341700343937359e-08
 7.397910928454157e-08, 7.397449120223146e-08, 7.397449120226321e-08, 7.397910928450982e-08
 7.566824099566671e-08, 7.627352588984734e-08, 7.337412171914411e-08, 7.397449120226321e-08
 7.790513177776408e-08, 7.916605822921557e-08, 7.210487786515548e-08, 7.337412171914411e-08
 8.065397976710765e-08, 8.264397628342018e-08, 7.010336460220031e-08, 7.210487786515548e-08
 8.386534235548983e-08, 8.666053770322564e-08, 6.72958373087183e-08, 7.010336460220031e-08
 8.746940377197169e-08, 9.114904026049179e-08, 6.361449380050596e-08, 6.72958373087183e-08
 9.13559436366104e-08, 9.600335415609329e-08, 5.898755456278358e-08, 6.361449380050596e-08
 9.539385141057578e-08, 1.0106458247087275e-07, 5.3343469639988175e-08, 5.898755456278358e-08
 9.942205743110262e-08, 1.0614049485790218e-07, 4.6634322906509215e-08, 5.3343469639988175e-08
 1.0323883009227212e-07, 1.1099859431718265e-07, 3.888051822901245e-08, 4.6634322906509215e-08
 1.0664724851839384e-07, 1.1536720642801224e-07, 3.0154506850679843e-08, 3.888051822901245e-08
 1.0943087745663737e-07, 1.1896639630687521e-07, 2.0607383740572715e-08, 3.0154506850679843e-08
 1.1141115433921578e-07, 1.2153760960072463e-07, 1.0460095321766536e-08, 2.0607383740572715e-08
 1.1244003452421462e-07, 1.2288227452833486e-07, -0.0, 1.0460095321766536e-08
 8.638545299710399e-08, 7.883657464508928e-08, 7.567531087411287e-09, -0.0
 8.592084313429913e-08, 7.84805985019211e-08, 1.503227844918616e-08, 7.567531087411287e-09
 8.501979710575711e-08, 7.779106016709069e-08, 2.22621867643147e-08, 1.503227844918616e-08
 8.374057927113438e-08, 7.681968040717157e-08, 2.917812753000108e-08, 2.22621867643147e-08
 8.216373484122658e-08, 7.563155722713002e-08, 3.571586444187347e-08, 2.917812753000108e-08
 8.038653809374068e-08, 7.42924784579729e-08, 4.181092581982795e-08, 3.571586444187347e-08
 7.851068964766675e-08, 7.289685621524075e-08, 4.7429372155158066e-08, 4.181092581982795e-08
 7.664329022747337e-08, 7.152804959896712e-08, 5.254740292082715e-08, 4.7429372155158066e-08
 7.48809302677379e-08, 7.027397419812201e-08, 5.7166629322690703e-08, 5.254740292082715e-08
 7.331813834892869e-08, 6.9215784282259e-08, 6.1284504983856e-08, 5.7166629322690703e-08
 7.204517874639575e-08, 6.843748863283397e-08, 6.48979286365844e-08, 6.1284504983856e-08
 7.113535510905799e-08, 6.801719850928196e-08, 6.801961553631268e-08, 6.48979286365844e-08
 7.065435207185758e-08, 6.802260112466208e-08, 7.067072814219557e-08, 6.801961553631268e-08
 7.065857356783704e-08, 6.850745263538343e-08, 7.283979400673546e-08, 7.067072814219557e-08
 7.118914959811215e-08, 6.952976294989567e-08, 7.451321333230429e-08, 7.283979400673546e-08
 7.228535949104283e-08, 7.113723093698325e-08, 7.566824099569845e-08, 7.451321333230429e-08
 7.397449120223146e-08, 7.33741217192076e-08, 7.627352588987907e-08, 7.566824099569845e-08
 7.627352588984734e-08, 7.626665405854408e-08, 7.626665405851235e-08, 7.627352588987907e-08
 7.916605822921557e-08, 7.983949800233081e-08, 7.558279591936008e-08, 7.626665405851235e-08
 8.264397628342018e-08, 8.407911158663492e-08, 7.411992602200577e-08, 7.558279591936008e-08
 8.666053770322564e-08, 8.89714419771211e-08, 7.178433986598445e-08, 7.411992602200577e-08
 9.114904026049179e-08, 9.445406349452932e-08, 6.846880769610747e-08, 7.178433986598445e-08
 9.600335415609329e-08, 1.0042003605257203e-07, 6.404878287756304e-08, 6.846880769610747e-08
 1.0106458247087275e-07, 1.067061023021209e-07, 5.841938202701762e-08, 6.404878287756304e-08
 1.0614049485790218e-07, 1.1307769525126668e-07, 5.149242236578969e-08, 5.841938202701762e-08
 1.1099859431718265e-07, 1.1924722719826501e-07, 4.324913033984204e-08, 5.149242236578969e-08
 1.1536720642801224e-07, 1.248635199639598e-07, 3.37536967295428e-08, 4.324913033984204e-08
 1.1896639630687521e-07, 1.29542195615034e-07, 2.3178597034422124e-08, 3.37536967295428e-08
 1.2153760960072463e-07, 1.3291335405662408e-07, 1.1804760249376765e-08, 2.3178597034422124e-08
 1.2288227452833486e-07, 1.3467982696028325e-07, -0.0, 1.1804760249376765e-08
 7.883657464508928e-08, 7.163085887382782e-08, 7.211554944243106e-09, -0.0
 7.84805985019211e-08, 7.136555758928753e-08, 1.4342740114355742e-08, 7.211554944243106e-09
 7.779106016709069e-08, 7.084907773887617e-08, 2.1290807004395588e-08, 1.4342740114355742e-08
 7.681968040717157e-08, 7.012298016411887e-08, 2.799000434995954e-08, 2.1290807004395588e-08
 7.563155722713002e-08, 6.923894167536137e-08, 3.4376785672716344e-08, 2.799000434995954e-08
 7.42924784579729e-08, 6.826157842886147e-08, 4.04153035770958e-08, 3.4376785672716344e-08
 7.289685621524075e-08, 6.725168619003519e-08, 4.606056553888443e-08, 4.04153035770958e-08
 7.152804959896712e-08, 6.62920905649896e-08, 5.129332751998205e-08, 4.606056553888443e-08
 7.027397419812201e-08, 6.545955421208854e-08, 5.6108439406827694e-08, 5.129332751998205e-08
 6.9215784282259e-08, 6.483188831763001e-08, 6.050620933443099e-08, 5.6108439406827694e-08
 6.843748863283397e-08, 6.447817743421245e-08, 6.447763851303239e-08, 6.050620933443099e-08
 6.801719850928196e-08, 6.447638641588599e-08, 6.80250181516928e-08, 6.447763851303239e-08
 6.802260112466208e-08, 6.4902257799377e-08, 7.115557965291692e-08, 6.80250181516928e-08
 6.850745263538343e-08, 6.581727915257448e-08, 7.38621043212477e-08, 7.115557965291692e-08
 6.952976294989567e-08, 6.728044237543946e-08, 7.612068131939187e-08, 7.38621043212477e-08
 7.113723093698325e-08, 6.935602987578016e-08, 7.79051317779228e-08, 7.612068131939187e-08
 7.33741217192076e-08, 7.210487786521897e-08, 7.916605822921557e-08, 7.79051317779228e-08
 7.626665405854408e-08, 7.558279591926485e-08, 7.983949800229907e-08, 7.916605822921557e-08
 7.983949800233081e-08, 7.982240950372767e-08, 7.982240950366419e-08, 7.983949800229907e-08
 8.407911158663492e-08, 8.485864913164809e-08, 7.901225641249195e-08, 7.982240950366419e-08
 8.89714419771211e-08, 9.06834546690262e-08, 7.726696138339269e-08, 7.901225641249195e-08
 9.445406349452932e-08, 9.726715663683044e-08, 7.443478025415017e-08, 7.726696138339269e-08
 1.0042003605257203e-07, 1.0451315946659663e-07, 7.033484912711193e-08, 7.443478025415017e-08
 1.067061023021209e-07, 1.122488584320311e-07, 6.479097497616338e-08, 7.033484912711193e-08
 1.1307769525126668e-07, 1.202200108305463e-07, 5.7661954312788015e-08, 6.479097497616338e-08
 1.1924722719826501e-07, 1.2805826032880438e-07, 4.886542310553683e-08, 5.7661954312788015e-08
 1.248635199639598e-07, 1.3530750430614027e-07, 3.843237238061699e-08, 4.886542310553683e-08
 1.29542195615034e-07, 1.4143350595845272e-07, 2.654975547601222e-08, 3.843237238061699e-08
 1.3291335405662408e-07, 1.4590235723149104e-07, 1.3571233153035922e-08, 2.654975547601222e-08
 1.3467982696028325e-07, 1.4826920381663292e-07, -0.0, 1.3571233153035922e-08
 7.163085887382782e-08, 6.468161846386288e-08, 6.946253659702811e-09, -0.0
 7.136555758928753e-08, 6.448676744571555e-08, 1.382626026394439e-08, 6.946253659702811e-09
 7.084907773887617e-08, 6.41061781863938e-08, 2.0564709429638284e-08, 1.382626026394439e-08
 7.012298016411887e-08, 6.357750150131765e-08, 2.7105965861202035e-08, 2.0564709429638284e-08
 6.923894167536137e-08, 6.293797627238658e-08, 3.339942242621645e-08, 2.7105965861202035e-08
 6.826157842886147e-08, 6.224403188733745e-08, 3.940541133826951e-08, 3.339942242621645e-08
 6.725168619003519e-08, 6.155604117808132e-08, 4.510096991383884e-08, 3.940541133826951e-08
 6.62920905649896e-08, 6.093332206302685e-08, 5.046079116708098e-08, 4.510096991383884e-08
 6.545955421208854e-08, 6.044716008374117e-08, 5.548077351236916e-08, 5.046079116708098e-08
 6.483188831763001e-08, 6.016226205770377e-08, 6.015249845101343e-08, 5.548077351236916e-08
 6.447817743421245e-08, 6.01591157374052e-08, 6.447584749470592e-08, 6.015249845101343e-08
 6.447638641588599e-08, 6.050793321261865e-08, 6.845088953518381e-08, 6.447584749470592e-08
 6.4902257799377e-08, 6.128291986634419e-08, 7.20706010061144e-08, 6.845088953518381e-08
 6.581727915257448e-08, 6.255871309368081e-08, 7.532526754411268e-08, 7.20706010061144e-08
 6.728044237543946e-08, 6.440116959921567e-08, 7.819626881973259e-08, 7.532526754411268e-08
 6.935602987578016e-08, 6.68920020137229e-08, 8.065397976736159e-08, 7.819626881973259e-08
 7.210487786521897e-08, 7.010336460191462e-08, 8.264397628326145e-08, 8.065397976736159e-08
 7.558279591926485e-08, 7.411992602206926e-08, 8.407911158676189e-08, 8.264397628326145e-08
 7.982240950372767e-08, 7.901225641217453e-08, 8.48586491315846e-08, 8.407911158676189e-08
 8.485864913164809e-08, 8.48370619499018e-08, 8.483706194987006e-08, 8.48586491315846e-08
 9.06834546690262e-08, 9.163822650410185e-08, 8.385066335119693e-08, 8.483706194987006e-08
 9.726715663683044e-08, 9.941438096113792e-08, 8.168078308391636e-08, 8.385066335119693e-08
 1.0451315946659663e-07, 1.0810629597733827e-07, 7.80705480925464e-08, 8.168078308391636e-08
 1.122488584320311e-07, 1.1755722980876238e-07, 7.27621273746786e-08, 7.80705480925464e-08
 1.202200108305463e-07, 1.2748592182511733e-07, 6.55002038110461e-08, 7.27621273746786e-08
 1.2805826032880438e-07, 1.3745904818330402e-07, 5.61146670828727e-08, 6.55002038110461e-08
 1.3530750430614027e-07, 1.468766570878646e-07, 4.455837403292945e-08, 5.61146670828727e-08
 1.4143350595845272e-07, 1.5499037475893469e-07, 3.1018606749050546e-08, 4.455837403292945e-08
 1.4590235723149104e-07, 1.6100889069199077e-07, 1.5938079738177804e-08, 3.1018606749050546e-08
 1.4826920381663292e-07, 1.6422447368624184e-07, -0.0, 1.5938079738177804e-08
 6.468161846386288e-08, 5.7915437934269985e-08, 6.751402641555486e-09, -0.0
 6.448676744571555e-08, 5.777193482710945e-08, 1.3445671004622632e-08, 6.751402641555486e-09
 6.41061781863938e-08, 5.750353693746405e-08, 2.0036032744562132e-08, 1.3445671004622632e-08
 6.357750150131765e-08, 5.712823117175563e-08, 2.646644063227097e-08, 2.0036032744562132e-08
 6.293797627238658e-08, 5.6692229557730193e-08, 3.270547804116733e-08, 2.646644063227097e-08
 6.224403188733745e-08, 5.6227340585196674e-08, 3.8717420629013373e-08, 3.270547804116733e-08
 6.155604117808132e-08, 5.5788387307981865e-08, 4.447825079878436e-08, 3.8717420629013373e-08
 6.093332206302685e-08, 5.543114739413284e-08, 4.997462918779531e-08, 4.447825079878436e-08
 6.044716008374117e-08, 5.5218616070698653e-08, 5.519587548633175e-08, 4.997462918779531e-08
 6.016226205770377e-08, 5.52211554624021e-08, 6.014935213071486e-08, 5.519587548633175e-08
 6.01591157374052e-08, 5.549419920106905e-08, 6.482466496991936e-08, 6.014935213071486e-08
 6.050793321261865e-08, 5.611659995631995e-08, 6.922587618890937e-08, 6.482466496991936e-08
 6.128291986634419e-08, 5.7170175531997487e-08, 7.334639423345104e-08, 6.922587618890937e-08
 6.255871309368081e-08, 5.872393090558105e-08, 7.716772404964754e-08, 7.334639423345104e-08
 6.440116959921567e-08, 6.086964734925911e-08, 8.068710123423981e-08, 7.716772404964754e-08
 6.68920020137229e-08, 6.369177589242689e-08, 8.386534235555332e-08, 8.068710123423981e-08
 7.010336460191462e-08, 6.729583730884526e-08, 8.666053770341609e-08, 8.386534235555332e-08
 7.411992602206926e-08, 7.178433986585749e-08, 8.897144197686716e-08, 8.666053770341609e-08
 7.901225641217453e-08, 7.726696138367837e-08, 9.068345466931188e-08, 8.897144197686716e-08
 8.48370619499018e-08, 8.385066335091124e-08, 9.163822650407012e-08, 9.068345466931188e-08
 9.163822650410185e-08, 9.162681780832822e-08, 9.162681780823299e-08, 9.163822650407012e-08
 9.941438096113792e-08, 1.0065916315555474e-07, 9.037269810011669e-08, 9.162681780823299e-08
 1.0810629597733827e-07, 1.1094658836156665e-07, 8.752148192397052e-08, 9.037269810011669e-08
 1.1755722980876238e-07, 1.2238651576222413e-07, 8.269081939103356e-08, 8.752148192397052e-08
 1.2748592182511733e-07, 1.3470749425674456e-07, 7.547333016923276e-08, 8.269081939103356e-08
 1.3745904818330402e-07, 1.4741631445912622e-07, 6.55322759874333e-08, 7.547333016923276e-08
 1.468766570878646e-07, 1.5974134426651805e-07, 5.267209170399952e-08, 6.55322759874333e-08
 1.5499037475893469e-07, 1.706501219166181e-07, 3.703712268210664e-08, 5.267209170399952e-08
 1.6100889069199077e-07, 1.789155516204652e-07, 1.9153662732428882e-08, 3.703712268210664e-08
 1.6422447368624184e-07, 1.8340632921508369e-07, -0.0, 1.9153662732428882e-08
 5.7915437934269985e-08, 5.12804146157108e-08, 6.607899534394953e-09, -0.0
 5.777193482710945e-08, 5.11852497771118e-08, 1.3177273114977234e-08, 6.607899534394953e-09
 5.750353693746405e-08, 5.100007280536802e-08, 1.966072697885371e-08, 1.3177273114977234e-08
 5.712823117175563e-08, 5.07498988059658e-08, 2.6030439018245536e-08, 1.966072697885371e-08
 5.6692229557730193e-08, 5.0456597132891827e-08, 3.224058906863382e-08, 2.6030439018245536e-08
 5.6227340585196674e-08, 5.017179398704075e-08, 3.827846735179856e-08, 3.224058906863382e-08
 5.5788387307981865e-08, 4.993002555949384e-08, 4.412101088493533e-08, 3.827846735179856e-08
 5.543114739413284e-08, 4.978346585500328e-08, 4.9762097864361124e-08, 4.412101088493533e-08
 5.5218616070698653e-08, 4.978531657889673e-08, 5.519841487803521e-08, 4.9762097864361124e-08
 5.52211554624021e-08, 4.999593105006803e-08, 6.042239586938182e-08, 5.519841487803521e-08
 5.549419920106905e-08, 5.0480446449407236e-08, 6.544706572517025e-08, 6.042239586938182e-08
 5.611659995631995e-08, 5.130637425702119e-08, 7.027945176458691e-08, 6.544706572517025e-08
 5.7170175531997487e-08, 5.255522190197241e-08, 7.49001496070346e-08, 7.027945176458691e-08
 5.872393090558105e-08, 5.43101554914592e-08, 7.931344049332559e-08, 7.49001496070346e-08
 6.086964734925911e-08, 5.666499442541564e-08, 8.350922977740759e-08, 7.931344049332559e-08
 6.369177589242689e-08, 5.972795393561333e-08, 8.746940377197169e-08, 8.350922977740759e-08
 6.729583730884526e-08, 6.361449380034725e-08, 9.11490402604283e-08, 8.746940377197169e-08
 7.178433986585749e-08, 6.846880769604398e-08, 9.445406349468804e-08, 9.11490402604283e-08
 7.726696138367837e-08, 7.443478025415017e-08, 9.726715663654476e-08, 9.445406349468804e-08
 8.385066335091124e-08, 8.168078308413856e-08, 9.941438096148709e-08, 9.726715663654476e-08
 9.162681780832822e-08, 9.037269810008495e-08, 1.0065916315545951e-07, 9.941438096148709e-08
 1.0065916315555474e-07, 1.006601233059064e-07, 1.006601233061286e-07, 1.0065916315545951e-07
 1.1094658836156665e-07, 1.126495671242956e-07, 9.8961409324628e-08, 1.006601233061286e-07
 1.2238651576222413e-07, 1.2634017351131684e-07, 9.501179788555402e-08, 9.8961409324628e-08
 1.3470749425674456e-07, 1.4153885187571118e-07, 8.81821503716144e-08, 9.501179788555402e-08
 1.4741631445912622e-07, 1.5774734287841852e-07, 7.785730579482515e-08, 8.81821503716144e-08
 1.5974134426651805e-07, 1.7402647370549953e-07, 6.358086935409956e-08, 7.785730579482515e-08
 1.706501219166181e-07, 1.8892952399495105e-07, 4.530255238595377e-08, 6.358086935409956e-08
 1.789155516204652e-07, 2.005869378972055e-07, 2.364444032704734e-08, 4.530255238595377e-08
 1.8340632921508369e-07, 2.0706361618852231e-07, -0.0, 2.364444032704734e-08
 5.12804146157108e-08, 4.474776690144843e-08, 6.5127346957959546e-09, -0.0
 5.11852497771118e-08, 4.468197713997266e-08, 1.2992096143233452e-08, 6.5127346957959546e-09
 5.100007280536802e-08, 4.4563277061671965e-08, 1.9410552979451498e-08, 1.2992096143233452e-08
 5.07498988059658e-08, 4.440485166691544e-08, 2.5737137345171552e-08, 1.9410552979451498e-08
 5.0456597132891827e-08, 4.423548167472141e-08, 3.1955785922782746e-08, 2.5737137345171552e-08
 5.017179398704075e-08, 4.407976060271121e-08, 3.803669892425164e-08, 3.1955785922782746e-08
 4.993002555949384e-08, 4.398437282726475e-08, 4.397445118044477e-08, 3.803669892425164e-08
 4.978346585500328e-08, 4.3987796644568294e-08, 4.976394858825457e-08, 4.397445118044477e-08
 4.978531657889673e-08, 4.4141077148847895e-08, 5.54090293492065e-08, 4.976394858825457e-08
 4.999593105006803e-08, 4.4500981687922096e-08, 6.090691126872103e-08, 5.54090293492065e-08
 5.0480446449407236e-08, 4.512351538174677e-08, 6.627299353278422e-08, 6.090691126872103e-08
 5.130637425702119e-08, 4.608180060190405e-08, 7.152829940953812e-08, 6.627299353278422e-08
 5.255522190197241e-08, 4.744604906852243e-08, 7.665508319652139e-08, 7.152829940953812e-08
 5.43101554914592e-08, 4.930681162905905e-08, 8.166827942728203e-08, 7.665508319652139e-08
 5.666499442541564e-08, 5.176997963252369e-08, 8.657218928760527e-08, 8.166827942728203e-08
 5.972795393561333e-08, 5.494964678884994e-08, 9.135594363670562e-08, 8.657218928760527e-08
 6.361449380034725e-08, 5.898755456306927e-08, 9.600335415612504e-08, 9.135594363670562e-08
 6.846880769604398e-08, 6.404878287753129e-08, 1.0042003605279423e-07, 9.600335415612504e-08
 7.443478025415017e-08, 7.033484912711193e-08, 1.0451315946653315e-07, 1.0042003605279423e-07
 8.168078308413856e-08, 7.80705480925464e-08, 1.081062959774335e-07, 1.0451315946653315e-07
 9.037269810008495e-08, 8.752148192365309e-08, 1.1094658836128096e-07, 1.081062959774335e-07
 1.006601233059064e-07, 9.896140932469148e-08, 1.126495671245178e-07, 1.1094658836128096e-07
 1.126495671242956e-07, 1.1265201571161746e-07, 1.1265201571164919e-07, 1.126495671245178e-07
 1.2634017351131684e-07, 1.2878494800934025e-07, 1.102104762499484e-07, 1.1265201571164919e-07
 1.4153885187571118e-07, 1.4736281304833822e-07, 1.0439064137432176e-07, 1.102104762499484e-07
 1.5774734287841852e-07, 1.6799906460983293e-07, 9.413643662190613e-08, 1.0439064137432176e-07
 1.7402647370549953e-07, 1.896817712737731e-07, 7.848391964355107e-08, 9.413643662190613e-08
 1.8892952399495105e-07, 2.1046756235542924e-07, 5.6959966288208245e-08, 7.848391964355107e-08
 2.005869378972055e-07, 2.2743821027173915e-07, 3.012111861836411e-08, 5.6959966288208245e-08
 2.0706361618852231e-07, 2.3719239756555708e-07, -0.0, 3.012111861836411e-08
 4.474776690144843e-08, 3.8280722556134696e-08, 6.446944934320182e-09, -0.0
 4.468197713997266e-08, 3.8242524971798744e-08, 1.2873396064932756e-08, 6.446944934320182e-09
 4.4563277061671965e-08, 3.817228344304097e-08, 1.9252127584694975e-08, 1.2873396064932756e-08
 4.440485166691544e-08, 3.8083675422836906e-08, 2.556776735297752e-08, 1.9252127584694975e-08
 4.423548167472141e-08, 3.799572820161487e-08, 3.180006485077254e-08, 2.556776735297752e-08
 4.407976060271121e-08, 3.793833851192284e-08, 3.7941311148805185e-08, 3.180006485077254e-08
 4.398437282726475e-08, 3.794125059595991e-08, 4.397787499774831e-08, 3.7941311148805185e-08
 4.3987796644568294e-08, 3.804534129874049e-08, 4.991722909253419e-08, 4.397787499774831e-08
 4.4141077148847895e-08, 3.8294778915283575e-08, 5.5768933888280715e-08, 4.991722909253419e-08
 4.4500981687922096e-08, 3.873854878323748e-08, 6.152944496254569e-08, 5.5768933888280715e-08
 4.512351538174677e-08, 3.943064073606019e-08, 6.72312787529415e-08, 6.152944496254569e-08
 4.608180060190405e-08, 4.0437737409454264e-08, 7.28925478761565e-08, 6.72312787529415e-08
 4.744604906852243e-08, 4.183063721507331e-08, 7.851584575705802e-08, 7.28925478761565e-08
 4.930681162905905e-08, 4.3702647379661734e-08, 8.413144743074668e-08, 7.851584575705802e-08
 5.176997963252369e-08, 4.615576370432378e-08, 8.975185644393153e-08, 8.413144743074668e-08
 5.494964678884994e-08, 4.931526361939787e-08, 9.539385141092495e-08, 8.975185644393153e-08
 5.898755456306927e-08, 5.334346963935333e-08, 1.0106458247058707e-07, 9.539385141092495e-08
 6.404878287753129e-08, 5.841938202670019e-08, 1.0670610230237486e-07, 1.0106458247058707e-07
 7.033484912711193e-08, 6.479097497581422e-08, 1.1224885843196762e-07, 1.0670610230237486e-07
 7.80705480925464e-08, 7.276212737455163e-08, 1.1755722980854018e-07, 1.1224885843196762e-07
 8.752148192365309e-08, 8.269081939131924e-08, 1.2238651576231934e-07, 1.1755722980854018e-07
 9.896140932469148e-08, 9.501179788555402e-08, 1.2634017351144378e-07, 1.2238651576231934e-07
 1.1265201571161746e-07, 1.1021047624978968e-07, 1.2878494800937202e-07, 1.2634017351144378e-07
 1.2878494800934025e-07, 1.2878834128910504e-07, 1.2878834128894633e-07, 1.2878494800937202e-07
 1.4736281304833822e-07, 1.5111746480931537e-07, 1.2502689293581646e-07, 1.2878834128894633e-07
 1.6799906460983293e-07, 1.7721448966540054e-07, 1.1581914328584634e-07, 1.2502689293581646e-07
 1.896817712737731e-07, 2.0621955920870936e-07, 9.926971072520718e-08, 1.1581914328584634e-07
 2.1046756235542924e-07, 2.3579953730055463e-07, 7.393061420451819e-08, 9.926971072520718e-08
 2.2743821027173915e-07, 2.6149511931150995e-07, 3.9875305912182036e-08, 7.393061420451819e-08
 2.3719239756555708e-07, 2.770605184359144e-07, -0.0, 3.9875305912182036e-08
 3.8280722556134696e-08, 3.1864525439472846e-08, 6.40874734998423e-09, -0.0
 3.8242524971798744e-08, 3.184453449670239e-08, 1.2803154536174977e-08, 6.40874734998423e-09
 3.817228344304097e-08, 3.1806312376149485e-08, 1.9163519564490918e-08, 1.2803154536174977e-08
 3.8083675422836906e-08, 3.176366531197977e-08, 2.547982013175548e-08, 1.9163519564490918e-08
 3.799572820161487e-08, 3.1730234571922796e-08, 3.174267516108051e-08, 2.547982013175548e-08
 3.793833851192284e-08, 3.173080708899502e-08, 3.794422323284226e-08, 3.174267516108051e-08
 3.794125059595991e-08, 3.179622149634632e-08, 4.408196570052889e-08, 3.794422323284226e-08
 3.804534129874049e-08, 3.195846281843361e-08, 5.0166666709077275e-08, 4.408196570052889e-08
 3.8294778915283575e-08, 3.225187052029802e-08, 5.621270375623461e-08, 5.0166666709077275e-08
 3.873854878323748e-08, 3.272065315007356e-08, 6.22215369153684e-08, 5.621270375623461e-08
 3.943064073606019e-08, 3.341914559254183e-08, 6.823837542633557e-08, 6.22215369153684e-08
 4.0437737409454264e-08, 3.4403582549254115e-08, 7.428544768177555e-08, 6.823837542633557e-08
 4.183063721507331e-08, 3.573935490943095e-08, 8.038785592164643e-08, 7.428544768177555e-08
 4.3702647379661734e-08, 3.7511126659067434e-08, 8.658456375540871e-08, 8.038785592164643e-08
 4.615576370432378e-08, 3.982929499958213e-08, 9.291135635900562e-08, 8.658456375540871e-08
 4.931526361939787e-08, 4.2817550245117507e-08, 9.942205743088042e-08, 9.291135635900562e-08
 5.334346963935333e-08, 4.6634322906731415e-08, 1.0614049485793393e-07, 9.942205743088042e-08
 5.841938202670019e-08, 5.149242236575794e-08, 1.1307769525148888e-07, 1.0614049485793393e-07
 6.479097497581422e-08, 5.766195431272453e-08, 1.2022001083070502e-07, 1.1307769525148888e-07
 7.276212737455163e-08, 6.550020381088737e-08, 1.274859218253078e-07, 1.2022001083070502e-07
 8.269081939131924e-08, 7.547333016885185e-08, 1.347074942565541e-07, 1.274859218253078e-07
 9.501179788555402e-08, 8.818215037170963e-08, 1.4153885187567944e-07, 1.347074942565541e-07
 1.1021047624978968e-07, 1.043906413743535e-07, 1.4736281304868738e-07, 1.4153885187567944e-07
 1.2878834128910504e-07, 1.2502689293553077e-07, 1.5111746480915666e-07, 1.4736281304868738e-07
 1.5111746480931537e-07, 1.5112391779186986e-07, 1.511239177919016e-07, 1.5111746480915666e-07
 1.7721448966540054e-07, 1.83510530589322e-07, 1.4482421282915515e-07, 1.511239177919016e-07
 2.0621955920870936e-07, 2.2219493366071863e-07, 1.2884968881705245e-07, 1.4482421282915515e-07
 2.3579953730055463e-07, 2.650145621522026e-07, 9.962619621547354e-08, 1.2884968881705245e-07
 2.6149511931150995e-07, 3.0567631030511257e-07, 5.544070503658644e-08, 9.962619621547354e-08
 2.770605184359144e-07, 3.324982890759238e-07, -0.0, 5.544070503658644e-08
 3.1864525439472846e-08, 2.5479818058126616e-08, 6.388756407213772e-09, -0.0
 3.184453449670239e-08, 2.5467273943350652e-08, 1.2764932415622072e-08, 6.388756407213772e-09
 3.1806312376149485e-08, 2.5449542538028058e-08, 1.91208725003212e-08, 1.2764932415622072e-08
 3.176366531197977e-08, 2.5433294788673318e-08, 2.5446389391698515e-08, 1.91208725003212e-08
 3.1730234571922796e-08, 2.5437364244606967e-08, 3.174324767815273e-08, 2.5446389391698515e-08
 3.173080708899502e-08, 2.5470443140956726e-08, 3.800963764019356e-08, 3.174324767815273e-08
 3.179622149634632e-08, 2.5559815668948633e-08, 4.424420702261618e-08, 3.800963764019356e-08
 3.195846281843361e-08, 2.573688822452988e-08, 5.0460074410941674e-08, 4.424420702261618e-08
 3.225187052029802e-08, 2.603316209608667e-08, 5.668148638601016e-08, 5.0460074410941674e-08
 3.272065315007356e-08, 2.6478770605139893e-08, 6.292002935783669e-08, 5.668148638601016e-08
 3.341914559254183e-08, 2.7122520344916213e-08, 6.922281238304785e-08, 6.292002935783669e-08
 3.4403582549254115e-08, 2.8009904384644752e-08, 7.562122004195238e-08, 6.922281238304785e-08
 3.573935490943095e-08, 2.9201183428070867e-08, 8.215962767128291e-08, 7.562122004195238e-08
 3.7511126659067434e-08, 3.0775068274870335e-08, 8.89027320959234e-08, 8.215962767128291e-08
 3.982929499958213e-08, 3.282149481104544e-08, 9.589961160454099e-08, 8.89027320959234e-08
 4.2817550245117507e-08, 3.547209980260505e-08, 1.0323883009249432e-07, 9.589961160454099e-08
 4.6634322906731415e-08, 3.8880518228472825e-08, 1.1099859431696045e-07, 1.0323883009249432e-07
 5.149242236575794e-08, 4.3249130339873784e-08, 1.1924722719845546e-07, 1.1099859431696045e-07
 5.766195431272453e-08, 4.886542310525114e-08, 1.2805826032886788e-07, 1.1924722719845546e-07
 6.550020381088737e-08, 5.611466708274573e-08, 1.3745904818327228e-07, 1.2805826032886788e-07
 7.547333016885185e-08, 6.553227598736982e-08, 1.474163144594119e-07, 1.3745904818327228e-07
 8.818215037170963e-08, 7.785730579460295e-08, 1.5774734287832328e-07, 1.474163144594119e-07
 1.043906413743535e-07, 9.413643662196962e-08, 1.6799906460986466e-07, 1.5774734287832328e-07
 1.2502689293553077e-07, 1.1581914328587808e-07, 1.7721448966549575e-07, 1.6799906460986466e-07
 1.5112391779186986e-07, 1.448242128291869e-07, 1.8351053058935374e-07, 1.7721448966549575e-07
 1.83510530589322e-07, 1.8350861590052007e-07, 1.835086159005518e-07, 1.8351053058935374e-07
 2.2219493366071863e-07, 2.3402798199801765e-07, 1.716693173085364e-07, 1.835086159005518e-07
 2.650145621522026e-07, 2.9638083972178974e-07, 1.4028794436838352e-07, 1.716693173085364e-07
 3.0567631030511257e-07, 3.636997413123857e-07, 8.226268380739768e-08, 1.4028794436838352e-07
 3.324982890759238e-07, 4.1474874581680094e-07, -0.0, 8.226268380739768e-08
 2.5479818058126616e-08, 1.9096331818272116e-08, 6.376212292437814e-09, -0.0
 2.5467273943350652e-08, 1.9096973424743805e-08, 1.2747201010299477e-08, 6.376212292437814e-09
 2.5449542538028058e-08, 1.9091944126585674e-08, 1.910462475096646e-08, 1.2747201010299477e-08
 2.5433294788673318e-08, 1.90950271990769e-08, 2.5450458847632157e-08, 1.910462475096646e-08
 2.5437364244606967e-08, 1.910812235217274e-08, 3.177632657450249e-08, 2.5450458847632157e-08
 2.5470443140956726e-08, 1.9154442511985805e-08, 3.809901016818547e-08, 3.177632657450249e-08
 2.5559815668948633e-08, 1.9246220121597072e-08, 4.442127957819742e-08, 3.809901016818547e-08
 2.573688822452988e-08, 1.9408816754750702e-08, 5.075634828249848e-08, 4.442127957819742e-08
 2.603316209608667e-08, 1.966253800836855e-08, 5.712709489506338e-08, 5.075634828249848e-08
 2.6478770605139893e-08, 2.003358578481959e-08, 6.3563779097613e-08, 5.712709489506338e-08
 2.7122520344916213e-08, 2.056723198751044e-08, 7.011019642277639e-08, 6.3563779097613e-08
 2.8009904384644752e-08, 2.1293499135565272e-08, 7.68124990853785e-08, 7.011019642277639e-08
 2.9201183428070867e-08, 2.2265700792378086e-08, 8.373351251808239e-08, 7.68124990853785e-08
 3.0775068274870335e-08, 2.354491738046184e-08, 9.094915863209852e-08, 8.373351251808239e-08
 3.282149481104544e-08, 2.5209841890427578e-08, 9.855021659610061e-08, 9.094915863209852e-08
 3.547209980260505e-08, 2.7370877912658507e-08, 1.0664724851836209e-07, 9.855021659610061e-08
 3.8880518228472825e-08, 3.015450685106076e-08, 1.1536720642836142e-07, 1.0664724851836209e-07
 4.3249130339873784e-08, 3.375369672989197e-08, 1.2486351996383284e-07, 1.1536720642836142e-07
 4.886542310525114e-08, 3.8432372380870935e-08, 1.3530750430636246e-07, 1.2486351996383284e-07
 5.611466708274573e-08, 4.455837403315165e-08, 1.4687665708789637e-07, 1.3530750430636246e-07
 6.553227598736982e-08, 5.267209170403126e-08, 1.5974134426664502e-07, 1.4687665708789637e-07
 7.785730579460295e-08, 6.358086935425828e-08, 1.7402647370568998e-07, 1.5974134426664502e-07
 9.413643662196962e-08, 7.848391964351933e-08, 1.896817712737731e-07, 1.7402647370568998e-07
 1.1581914328587808e-07, 9.926971072508021e-08, 2.0621955920880457e-07, 1.896817712737731e-07
 1.448242128291869e-07, 1.2884968881695724e-07, 2.2219493366068692e-07, 2.0621955920880457e-07
 1.8350861590052007e-07, 1.7166931730847292e-07, 2.3402798199804936e-07, 2.2219493366068692e-07
 2.3402798199801765e-07, 2.34022175032245e-07, 2.3402217503230849e-07, 2.3402798199804936e-07
 2.9638083972178974e-07, 3.2279897818497617e-07, 2.0760684595897953e-07, 2.3402217503230849e-07
 3.636997413123857e-07, 4.379857844410118e-07, 1.333116883118129e-07, 2.0760684595897953e-07
 4.1474874581680094e-07, 5.480499096547786e-07, -0.0, 1.333116883118129e-07
 1.9096331818272116e-08, 1.2730014864999732e-08, 6.376853898909503e-09, -0.0
 1.9096973424743805e-08, 1.2728062846307156e-08, 1.2742171712141348e-08, 6.376853898909503e-09
 1.9091944126585674e-08, 1.2729854823043385e-08, 1.9107707823457692e-08, 1.2742171712141348e-08
 1.90950271990769e-08, 1.2735427595502512e-08, 2.5463554000727997e-08, 1.9107707823457692e-08
 1.910812235217274e-08, 1.2759787820130818e-08, 3.182264673431555e-08, 2.5463554000727997e-08
 1.9154442511985805e-08, 1.279710862405185e-08, 3.819078777779674e-08, 3.182264673431555e-08
 1.9246220121597072e-08, 1.2868012198457603e-08, 4.458387621135105e-08, 3.819078777779674e-08
 1.9408816754750702e-08, 1.2988561535500237e-08, 5.101006953611632e-08, 4.458387621135105e-08
 1.966253800836855e-08, 1.3173895725965736e-08, 5.749814267151442e-08, 5.101006953611632e-08
 2.003358578481959e-08, 1.3443529139566208e-08, 6.409742530030385e-08, 5.749814267151442e-08
 2.056723198751044e-08, 1.382096253651916e-08, 7.083646357083122e-08, 6.409742530030385e-08
 2.1293499135565272e-08, 1.433871263913795e-08, 7.778470074219131e-08, 7.083646357083122e-08
 2.2265700792378086e-08, 1.502565731928331e-08, 8.501272910616615e-08, 7.778470074219131e-08
 2.354491738046184e-08, 1.5927289187183767e-08, 9.261408314206425e-08, 8.501272910616615e-08
 2.5209841890427578e-08, 1.7102841684377025e-08, 1.0071125261833155e-07, 9.261408314206425e-08
 2.7370877912658507e-08, 1.8627106857740356e-08, 1.0943087745676434e-07, 1.0071125261833155e-07
 3.015450685106076e-08, 2.0607383740382258e-08, 1.1896639630719263e-07, 1.0943087745676434e-07
 3.375369672989197e-08, 2.3178597033977723e-08, 1.2954219561481177e-07, 1.1896639630719263e-07
 3.8432372380870935e-08, 2.6549755475885253e-08, 1.4143350595864317e-07, 1.2954219561481177e-07
 4.455837403315165e-08, 3.101860674876486e-08, 1.5499037475877597e-07, 1.4143350595864317e-07
 5.267209170403126e-08, 3.703712268239232e-08, 1.7065012191687206e-07, 1.5499037475877597e-07
 6.358086935425828e-08, 4.530255238589028e-08, 1.8892952399495105e-07, 1.7065012191687206e-07
 7.848391964351933e-08, 5.695996628804953e-08, 2.1046756235533398e-07, 1.8892952399495105e-07
 9.926971072508021e-08, 7.393061420454992e-08, 2.3579953730068158e-07, 2.1046756235533398e-07
 1.2884968881695724e-07, 9.962619621550529e-08, 2.650145621522026e-07, 2.3579953730068158e-07
 1.7166931730847292e-07, 1.40287944368447e-07, 2.9638083972182145e-07, 2.650145621522026e-07
 2.34022175032245e-07, 2.0760684595901124e-07, 3.2279897818503965e-07, 2.9638083972182145e-07
 3.2279897818497617e-07, 3.2279365221514214e-07, 3.227936522150152e-07, 3.2279897818503965e-07
 4.379857844410118e-07, 5.174042255393149e-07, 2.4337581352557966e-07, 3.227936522150152e-07
 5.480499096547786e-07, 7.914242155823347e-07, -0.0, 2.4337581352557966e-07
 1.2730014864999732e-08, 6.364412186819194e-09, 6.374901880216925e-09, -0.0
 1.2728062846307156e-08, 6.366166021049604e-09, 1.2743963688877575e-08, 6.374901880216925e-09
 1.2729854823043385e-08, 6.367209896127047e-09, 1.911328059591682e-08, 1.2743963688877575e-08
 1.2735427595502512e-08, 6.371261443545829e-09, 2.54879142253563e-08, 1.911328059591682e-08
 1.2759787820130818e-08, 6.38128024054185e-09, 3.1859967538236586e-08, 2.54879142253563e-08
 1.279710862405185e-08, 6.40353005140016e-09, 3.8261691352202486e-08, 3.1859967538236586e-08
 1.2868012198457603e-08, 6.443314332546475e-09, 4.470442554839368e-08, 3.8261691352202486e-08
 1.2988561535500237e-08, 6.510003008550957e-09, 5.119540372658182e-08, 4.470442554839368e-08
 1.3173895725965736e-08, 6.607115756358699e-09, 5.7767776085114886e-08, 5.119540372658182e-08
 1.3443529139566208e-08, 6.7495408998381945e-09, 6.44748586972568e-08, 5.7767776085114886e-08
 1.382096253651916e-08, 6.945595316183568e-09, 7.135421367345002e-08, 6.44748586972568e-08
 1.433871263913795e-08, 7.212763081289094e-09, 7.847164542233667e-08, 7.135421367345002e-08
 1.502565731928331e-08, 7.567758440346088e-09, 8.591436097406659e-08, 7.847164542233667e-08
 1.5927289187183767e-08, 8.031370067684409e-09, 9.37896356392575e-08, 8.591436097406659e-08
 1.7102841684377025e-08, 8.64159149482654e-09, 1.0223551779169487e-07, 9.37896356392575e-08
 1.8627106857740356e-08, 9.431215136831177e-09, 1.1141115433940623e-07, 1.0223551779169487e-07
 2.0607383740382258e-08, 1.0460095321512595e-08, 1.215376096007881e-07, 1.1141115433940623e-07
 2.3178597033977723e-08, 1.1804760249249796e-08, 1.3291335405671932e-07, 1.215376096007881e-07
 2.6549755475885253e-08, 1.3571233153035922e-08, 1.459023572315228e-07, 1.3291335405671932e-07
 3.101860674876486e-08, 1.5938079738209545e-08, 1.6100889069240344e-07, 1.459023572315228e-07
 3.703712268239232e-08, 1.9153662732143197e-08, 1.7891555162037e-07, 1.6100889069240344e-07
 4.530255238589028e-08, 2.3644440327110818e-08, 2.005869378971103e-07, 1.7891555162037e-07
 5.695996628804953e-08, 3.012111861845933e-08, 2.2743821027183436e-07, 2.005869378971103e-07
 7.393061420454992e-08, 3.987530591221378e-08, 2.6149511931163696e-07, 2.2743821027183436e-07
 9.962619621550529e-08, 5.544070503652296e-08, 3.056763103051443e-07, 2.6149511931163696e-07
 1.40287944368447e-07, 8.226268380739768e-08, 3.636997413123857e-07, 3.056763103051443e-07
 2.0760684595901124e-07, 1.333116883120351e-07, 4.379857844411705e-07, 3.636997413123857e-07
 3.2279365221514214e-07, 2.4337581352557966e-07, 5.174042255391879e-07, 4.379857844411705e-07
 5.174042255393149e-07, 5.173958035686314e-07, 5.173958035685997e-07, 5.174042255391879e-07
 7.914242155823347e-07, 1.3088228709891424e-06, -0.0, 5.173958035685997e-07
 6.364412186819194e-09, -0.0, 6.376655714447335e-09, -0.0
 6.366166021049604e-09, -0.0, 1.274500756395502e-08, 6.376655714447335e-09
 6.367209896127047e-09, -0.0, 1.9117332143335602e-08, 1.274500756395502e-08
 6.371261443545829e-09, -0.0, 2.549793302235232e-08, 1.9117332143335602e-08
 6.38128024054185e-09, -0.0, 3.1882217349094895e-08, 2.549793302235232e-08
 6.40353005140016e-09, -0.0, 3.8301475633348805e-08, 3.1882217349094895e-08
 6.443314332546475e-09, -0.0, 4.4771114224398166e-08, 3.8301475633348805e-08
 6.510003008550957e-09, -0.0, 5.1292516474389556e-08, 4.4771114224398166e-08
 6.607115756358699e-09, -0.0, 5.791020122859439e-08, 5.1292516474389556e-08
 6.7495408998381945e-09, -0.0, 6.467091311360217e-08, 5.791020122859439e-08
 6.945595316183568e-09, -0.0, 7.162138143855554e-08, 6.467091311360217e-08
 7.212763081289094e-09, -0.0, 7.882664078139366e-08, 7.162138143855554e-08
 7.567758440346088e-09, -0.0, 8.637797260140492e-08, 7.882664078139366e-08
 8.031370067684409e-09, -0.0, 9.439985706639964e-08, 8.637797260140492e-08
 8.64159149482654e-09, -0.0, 1.030251414336995e-07, 9.439985706639964e-08
 9.431215136831177e-09, -0.0, 1.1244003452408764e-07, 1.030251414336995e-07
 1.0460095321512595e-08, -0.0, 1.228822745285253e-07, 1.1244003452408764e-07
 1.1804760249249796e-08, -0.0, 1.3467982696050544e-07, 1.228822745285253e-07
 1.3571233153035922e-08, -0.0, 1.4826920381669642e-07, 1.3467982696050544e-07
 1.5938079738209545e-08, -0.0, 1.6422447368633708e-07, 1.4826920381669642e-07
 1.9153662732143197e-08, -0.0, 1.8340632921533764e-07, 1.6422447368633708e-07
 2.3644440327110818e-08, -0.0, 2.070636161884588e-07, 1.8340632921533764e-07
 3.012111861845933e-08, -0.0, 2.3719239756558884e-07, 2.070636161884588e-07
 3.987530591221378e-08, -0.0, 2.7706051843594615e-07, 2.3719239756558884e-07
 5.544070503652296e-08, -0.0, 3.3249828907601907e-07, 2.7706051843594615e-07
 8.226268380739768e-08, -0.0, 4.147487458170231e-07, 3.3249828907601907e-07
 1.333116883120351e-07, -0.0, 5.48049909654715e-07, 4.147487458170231e-07
 2.4337581352557966e-07, -0.0, 7.914242155822396e-07, 5.48049909654715e-07
 5.173958035686314e-07, -0.0, 1.3088228709891107e-06, 7.914242155822396e-07
 1.3088228709891424e-06, -0.0, -0.0, 1.3088228709891107e-06
